28.722,1
49.303,2
104.4,2
150.79,1
272.95,1
304.88,2
337.98,1
350.89,2
461.45,2
468.53,1
476.38,2
487.64,1
813.77,1
820.38,2
835.73,2
843.76,1
945.09,2
970.61,1
1006.9,1
1008.5,2
1013.7,1
1052.6,2
1097.5,2
1110.1,1
1122.6,2
1124.3,1
1436,6
2148.3,1
2149,2
2592.6,6
2886.7,1
2911.4,2
2975.2,2
3024.4,1
3067.4,1
3073.5,2
3091.4,1
3102.7,2
3247.7,1
3256,2
3268.1,2
3272.5,1
3661,1
3667,2
3937.2,1
3955.6,2
4034,2
4048.4,1
4092.2,2
4136.3,1
4152,1
4184.3,2
4194.6,6
4232.8,1
4233.1,2
4234.2,2
4234.9,1
4236.2,2
4238.2,1
4239.3,1
4245.5,2
4311.3,6
4685.8,1
4698.3,2
4724.4,2
4737.5,1
4861.5,1
4862.8,2
6238.4,6
6259.6,1
6259.6,2
6259.7,2
6259.7,2
6259.7,2
6259.8,3
6312.1,1
6312.4,2
6313.2,2
6313.8,1
6313.8,1
6314.2,2
6315,2
6315.1,1
6346.9,1
6347.6,2
6349.6,2
6350.3,1
7373.1,1
7381.6,2
7402.7,2
7417.5,1
7454.5,1
7461.5,2
7477,6
7480.6,2
7480.7,1
7481.1,1
7481.1,2
7481.1,3
7481.4,1
7481.4,2
7494,6
7504.5,2
7509.8,1
7547.1,1
7560.3,2
7589.9,2
7603.1,1
7626.6,1
7632.3,2
7650.8,2
7654.6,1
7657.2,1
7661.4,2
7665.9,2
7667.3,1
7739.4,1
7739.5,2
7740.2,2
7740.6,2
7741,2
7741.5,2
7741.7,1
7777.4,6
8631.5,1
8631.5,2
8631.6,2
8631.7,1
9045.7,36
9052,3
11703,3
16154,3
19048,6
19048,12
29762,3
31005,3
32523,1
32523,2
32523,2
32523,1
37763,3
39307,3
40416,6
40434,3
40434,6
40434,6
40434,3
40471,3
40471,6
40471,6
40471,3
40490,6
51697,3
58650,6
61271,3
61359,3
74394,6
90595,18
93333,3
1.0574e+05,3
1.1084e+05,3
1.1257e+05,36
1.1261e+05,72
1.1745e+05,3
1.3213e+05,3
1.3461e+05,3
1.4333e+05,6
1.4749e+05,3
1.4838e+05,3
1.5101e+05,3
1.5249e+05,3
1.5256e+05,3
1.5521e+05,3
1.7833e+05,3
1.7909e+05,3
2.2458e+05,3
2.2526e+05,6
2.2535e+05,3
2.2535e+05,3
2.2727e+05,3
2.2734e+05,3
2.2746e+05,18
2.2858e+05,3
2.3194e+05,6
2.3197e+05,3
2.3197e+05,3
2.347e+05,6
2.5387e+05,6
2.5387e+05,12
2.5387e+05,12
2.5387e+05,6
2.6616e+05,3
2.6917e+05,3
2.693e+05,3
2.6932e+05,3
2.6978e+05,3
2.7015e+05,3
2.7273e+05,3
2.7371e+05,6
2.7382e+05,3
2.74e+05,3
2.7574e+05,3
2.7611e+05,3
2.7865e+05,3
2.787e+05,3
2.7925e+05,18
2.7974e+05,6
2.7999e+05,3
3.1074e+05,3
3.2564e+05,36
6.8572e+05,3
6.8573e+05,3
6.8573e+05,3
6.8574e+05,3
6.8574e+05,3
1.455e+06,3
1.4556e+06,6
1.4563e+06,6
1.457e+06,6
1.4576e+06,3
1.9521e+06,3
1.9521e+06,3
2.1114e+06,3
3.2614e+06,6
3.2614e+06,6
3.2614e+06,3
4.0525e+06,36
4.0536e+06,18
4.0539e+06,6
4.0539e+06,6
4.0539e+06,6
4.054e+06,3
4.054e+06,6
4.054e+06,6
4.054e+06,3
4.054e+06,9
4.054e+06,9
4.0546e+06,18
4.0546e+06,18
5.1599e+06,3
8.1887e+06,15
8.3499e+06,3
8.4808e+06,6
9.1392e+06,3
9.1392e+06,6
9.1392e+06,6
9.1392e+06,6
9.1392e+06,3
9.8537e+06,3
1.0053e+07,15
1.1723e+07,9
5.2427e+07,3
1.4589e+08,9
1.4593e+08,15
1.4594e+08,3
1.4597e+08,15
1.4597e+08,3
1.4597e+08,6
