13.425,1
45.326,2
127.62,2
181.08,1
536.67,1
538.95,2
547.4,1
586.46,2
713.87,1
724.41,2
776.35,2
807.1,1
1281.2,1
1282,2
2208.8,1
2216.3,2
2237.4,2
2252.2,1
2253.9,1
2266.2,2
2286.7,2
2292.4,1
3284.7,6
5030.7,2
5031.6,1
5921,1
5921.7,2
6782,1
6833.1,2
6937.1,2
6990.1,1
8266,2
8269.7,1
8383.4,1
8387.3,2
9124.3,1
9129.4,2
9138.4,2
9142.4,1
9250,6
9963.5,1
9967.8,2
9972.5,2
9973.6,1
9990.5,1
9994,2
10004,2
10010,1
12330,1
12372,2
12437,2
12453,6
12458,1
12570,1
12582,2
12624,2
12655,1
13451,1
13467,2
13499,2
13514,1
13584,1
13590,2
13614,2
13638,1
14221,6
14784,1
14859,2
14990,2
15049,1
16304,1
16306,2
16624,2
16625,1
18177,2
18177,1
18476,1
18476,2
22463,1
22466,2
22472,2
22474,1
25730,3
34868,6
35060,1
35060,2
35060,2
35060,1
35062,1
35062,2
35063,2
35064,1
35494,1
35501,2
35509,2
35512,1
35546,1
35555,2
35588,2
35624,1
35765,1
35833,2
35943,2
35998,1
36120,6
36332,1
36337,2
36341,2
36342,1
36376,1
36383,2
36395,2
36400,1
36813,1
36822,2
36829,2
36831,1
36897,1
36919,2
36969,2
36994,1
37052,6
45141,1
45151,2
45171,2
45181,1
45449,1
45451,2
45452,2
45452,1
45463,1
45467,2
45474,2
45478,1
46001,1
46001,2
46001,2
46001,1
46003,1
46003,2
46004,2
46005,1
46252,6
47950,6
47969,6
47969,6
47969,3
49784,1
49784,2
49785,2
49785,1
49935,3
49997,3
50166,36
51972,1
51973,2
51975,2
51976,1
55740,6
55923,1
55923,2
55923,2
55923,1
55924,1
55925,2
55927,2
55927,1
56292,1
56292,2
56292,2
56292,1
56293,1
56294,2
56295,2
56296,1
56477,6
64858,3
65602,3
71550,3
72459,3
74144,36
78101,3
78314,3
78456,1
78456,2
78457,2
78457,1
78469,7
78469,3
78469,3
78471,6
78477,2
78477,1
78477,1
78477,2
78477,1
78478,2
78479,2
78480,6
78480,1
78486,1
78487,2
78488,2
78488,1
78489,2
78489,1
78489,2
78489,1
78498,1
78499,2
78499,2
78499,1
78500,2
78500,1
78500,2
78500,1
78504,6
82047,1
82047,2
82047,2
82047,1
88010,3
88593,3
94710,12
94710,6
97547,3
99216,3
99369,3
1.0627e+05,6
1.0682e+05,3
1.0683e+05,3
1.114e+05,3
1.5281e+05,3
1.5304e+05,3
1.76e+05,3
2.7313e+05,3
2.7332e+05,6
2.7367e+05,18
2.7463e+05,3
2.7465e+05,3
2.7705e+05,3
2.7725e+05,3
2.7865e+05,6
2.7866e+05,12
2.7868e+05,12
2.7868e+05,6
2.7942e+05,3
2.8009e+05,3
2.8282e+05,3
2.8294e+05,3
2.8299e+05,6
2.8504e+05,3
2.8511e+05,3
2.8917e+05,3
2.8959e+05,3
2.9024e+05,3
3.2989e+05,6
3.325e+05,3
3.3251e+05,3
3.3391e+05,6
3.445e+05,18
3.5378e+05,3
3.5604e+05,3
3.5618e+05,3
3.5985e+05,6
3.6034e+05,3
3.6036e+05,3
3.623e+05,3
3.7561e+05,3
3.7573e+05,3
3.7575e+05,3
3.7583e+05,3
3.7583e+05,3
3.9296e+05,36
4.0713e+05,3
4.1322e+05,3
4.1326e+05,3
4.3663e+05,3
4.381e+05,3
4.381e+05,3
4.3934e+05,6
4.4098e+05,3
4.4098e+05,3
4.4241e+05,3
5.8079e+05,36
5.9915e+05,18
6.0475e+05,6
6.0477e+05,6
6.0488e+05,6
6.1467e+05,3
6.1467e+05,3
6.1469e+05,3
6.1473e+05,3
6.1473e+05,3
6.1475e+05,3
6.1476e+05,3
6.1482e+05,3
6.1483e+05,3
6.1491e+05,3
6.1492e+05,3
6.1495e+05,3
6.1628e+05,6
6.1629e+05,3
6.1629e+05,3
6.1638e+05,6
6.1778e+05,18
7.4189e+05,3
7.4189e+05,3
7.4189e+05,3
7.419e+05,3
7.419e+05,3
8.3249e+05,3
2.1438e+06,6
2.1438e+06,6
2.1438e+06,3
2.1828e+06,3
2.1828e+06,6
2.1829e+06,6
2.183e+06,3
2.183e+06,3
2.183e+06,3
2.2168e+06,3
2.5529e+06,6
2.6156e+06,3
2.6986e+06,15
3.0782e+06,9
3.4415e+06,3
4.5496e+06,9
4.6934e+06,15
4.7383e+06,3
4.7654e+06,6
4.8283e+06,3
4.8393e+06,15
