24.06,1
54.151,2
147.31,2
222.18,1
234.14,2
281.22,1
289.69,1
405.77,2
645.56,1
650.68,2
759.93,2
822.07,1
855.78,1
888.93,2
1277,2
1282.6,1
1725.5,1
1726.4,2
1728.8,2
1730.4,1
2082.7,2
2094.2,1
2306,1
2319.5,2
2324.8,1
2348.4,2
2473.9,1
2516.5,2
2644.9,2
2721,1
3157.3,2
3170.9,1
3225.6,1
3250.9,2
3517.5,1
3539.5,2
3582.2,2
3602.2,1
4377.1,6
4427.6,6
5724.6,2
5725,1
5910.4,1
5911.3,2
6163.6,1
6169.9,2
6184.4,2
6193.5,1
6201.5,2
6202.9,1
6211,1
6215.2,2
7407.3,1
7407.5,2
8205.7,2
8209.4,1
8411.7,1
8478.9,2
8629,2
8718.2,1
9741.9,6
9817.8,1
9824.9,2
9844.2,2
9850,1
10133,1
10250,2
10448,2
10529,1
10671,2
10671,1
11344,2
11344,1
11348,2
11356,1
11410,1
11479,2
11683,2
11919,1
12229,1
12496,2
12693,6
12755,2
12833,1
13112,1
13128,2
13131,3
13183,2
13227,1
13283,3
15959,1
15990,2
16048,2
16076,1
17909,1
17909,2
17909,2
17909,1
17909,1
17909,2
17910,2
17910,1
17992,6
18444,3
18537,3
20729,1
20729,2
20843,2
20843,1
21130,1
21131,2
21138,2
21139,1
21232,1
21233,2
21234,2
21235,1
21241,1
21241,2
21245,2
21246,1
21401,1
21401,2
21401,2
21401,1
21401,1
21401,2
21401,2
21401,1
21465,6
27234,1
27264,2
27335,2
27377,1
27821,2
27842,1
27850,2
27877,1
27898,6
27948,1
28066,2
28141,2
28148,1
28166,2
28167,1
28172,1
28172,2
28177,1
28192,2
28284,6
28316,2
28429,1
28645,1
28703,2
28741,1
28743,2
28845,1
28847,2
28868,2
28884,1
29226,3
29463,2
29463,1
29463,2
29463,1
29467,1
29469,2
29474,2
29476,1
29574,2
29574,1
29722,6
29738,3
30632,1
30640,2
30655,2
30663,1
32893,1
32893,2
32986,2
32986,1
33817,1
33819,2
33821,2
33823,1
34256,3
34768,3
35885,72
36494,12
36495,6
36995,3
37144,1
37144,2
37144,2
37145,1
38078,3
38933,3
39450,3
53401,3
53468,3
53739,3
53772,3
53976,3
63367,3
63699,3
63704,3
63838,6
64202,3
64202,3
64395,3
65790,36
67040,12
67041,3
67041,5
67041,6
67042,7
67042,5
67042,3
67059,6
67061,12
67064,12
67066,6
67543,18
67769,3
67769,5
67770,6
67783,3
67783,5
81883,3
83171,3
83693,3
84019,3
84472,3
84480,3
84851,3
85709,6
85835,3
85888,3
86900,3
87043,3
88403,3
88431,3
89165,3
89189,6
89235,12
89235,6
91943,3
92689,6
92713,12
92759,12
92782,6
98267,3
98294,3
1.0766e+05,60
1.0948e+05,3
1.0948e+05,3
1.0948e+05,3
1.0948e+05,3
1.0948e+05,3
1.1143e+05,3
1.9737e+05,36
2.0052e+05,18
2.009e+05,6
2.0096e+05,6
2.0098e+05,6
2.0112e+05,6
2.0112e+05,3
2.0112e+05,3
2.0112e+05,3
2.0112e+05,3
2.0118e+05,3
2.0118e+05,6
2.0119e+05,6
2.012e+05,3
2.024e+05,18
2.0244e+05,6
2.0244e+05,6
2.0244e+05,6
2.0263e+05,6
2.0263e+05,3
2.0263e+05,6
2.0331e+05,3
2.0386e+05,3
2.0386e+05,3
2.5713e+05,3
2.6771e+05,6
2.6771e+05,3
2.6771e+05,6
2.7807e+05,3
2.7814e+05,6
2.7821e+05,6
2.7828e+05,6
2.7835e+05,3
3.2297e+05,12
5.9211e+05,9
6.0157e+05,15
6.0294e+05,3
6.0721e+05,15
6.0732e+05,3
6.0739e+05,6
