10.845,1
140.66,2
274.39,1
288.77,2
524.35,2
696.9,1
3370.3,2
3375.6,1
3452.2,1
3453.4,2
6270.8,1
6281.4,2
6677.2,2
6693.9,1
6974.6,1
6975.5,2
9505.8,1
9744.9,2
10012,2
10085,1
11242,1
11623,2
12771,2
12865,1
12871,2
12872,1
12899,2
13702,1
17048,3
18081,1
19106,2
20732,2
21563,1
22589,1
22729,2
22821,2
22843,1
26788,1
27022,2
27400,2
27560,1
50162,1
50165,2
50167,2
50168,1
50246,1
50281,2
50355,2
50393,1
66771,6
86766,3
86768,3
86782,3
86790,3
86808,3
87473,3
2.238e+05,3
2.2392e+05,3
2.241e+05,3
2.2637e+05,3
2.2679e+05,3
2.2856e+05,3
2.3159e+05,3
2.3202e+05,3
2.366e+05,3
2.4015e+05,3
2.4018e+05,3
2.4379e+05,3
2.4382e+05,3
2.4536e+05,3
2.5254e+05,3
2.729e+05,3
2.729e+05,3
2.7496e+05,1
2.7497e+05,2
2.7498e+05,2
2.7499e+05,1
2.9239e+05,9
3.0823e+05,3
3.0823e+05,3
3.3985e+05,1
3.3985e+05,2
3.3985e+05,2
3.3985e+05,1
3.3985e+05,3
3.3985e+05,5
3.4e+05,6
3.4259e+05,1
3.426e+05,2
3.4261e+05,2
3.4261e+05,1
3.4403e+05,3
3.4465e+05,3
3.6917e+05,3
3.6918e+05,3
3.7977e+05,3
3.7979e+05,3
3.8126e+05,3
3.8128e+05,3
3.8238e+05,3
4.23e+05,3
4.2887e+05,3
4.2888e+05,3
4.3254e+05,1
4.3254e+05,2
4.3255e+05,2
4.3255e+05,1
4.3987e+05,3
4.4009e+05,3
4.4068e+05,3
4.4125e+05,3
4.4137e+05,3
4.456e+05,3
4.5706e+05,3
4.578e+05,3
4.5782e+05,3
4.5782e+05,3
4.5784e+05,3
4.5784e+05,3
5.1054e+05,3
5.1058e+05,3
5.1058e+05,3
5.1058e+05,3
5.1058e+05,6
5.5215e+05,9
8.7767e+05,1
8.7768e+05,2
8.777e+05,2
8.7772e+05,1
8.7779e+05,1
8.778e+05,2
8.7782e+05,2
8.7784e+05,1
8.7813e+05,1
8.7823e+05,2
8.7841e+05,2
8.7849e+05,1
8.8908e+05,1
8.8916e+05,2
8.893e+05,2
8.8934e+05,1
8.8956e+05,1
8.8958e+05,2
8.8967e+05,2
8.8973e+05,1
8.952e+05,6
9.1926e+05,3
9.2024e+05,6
9.2176e+05,6
9.2225e+05,3
9.2486e+05,3
9.2517e+05,6
9.2618e+05,1
9.2626e+05,6
9.2637e+05,2
9.2681e+05,2
9.2707e+05,1
9.2708e+05,3
9.2907e+05,1
9.2914e+05,2
9.2924e+05,2
9.2927e+05,1
9.3088e+05,1
9.31e+05,2
9.3123e+05,2
9.3134e+05,1
9.4076e+05,1
9.4077e+05,2
9.4078e+05,2
9.4078e+05,1
9.4081e+05,1
9.4081e+05,2
9.4082e+05,2
9.4083e+05,1
9.6101e+05,6
9.8912e+05,6
1.0689e+06,1
1.0689e+06,2
1.0689e+06,2
1.0689e+06,1
1.0689e+06,1
1.0689e+06,2
1.0689e+06,2
1.0689e+06,1
1.1452e+06,36
1.2072e+06,1
1.2072e+06,2
1.2072e+06,2
1.2072e+06,1
1.2072e+06,1
1.2072e+06,2
1.2072e+06,2
1.2072e+06,1
1.3474e+06,6
1.3499e+06,1
1.3499e+06,2
1.3499e+06,2
1.3499e+06,1
1.4459e+06,1
1.4459e+06,2
1.4459e+06,2
1.4459e+06,1
1.446e+06,1
1.446e+06,2
1.446e+06,2
1.446e+06,1
1.4875e+06,1
1.4875e+06,2
1.4875e+06,2
1.4875e+06,1
1.4875e+06,1
1.4875e+06,2
1.4875e+06,2
1.4875e+06,1
1.4977e+06,6
1.6567e+06,1
1.6567e+06,2
1.6567e+06,2
1.6568e+06,1
1.6797e+06,1
1.6797e+06,2
1.6797e+06,2
1.6797e+06,1
1.6798e+06,1
1.6798e+06,2
1.6798e+06,2
1.6798e+06,1
1.7196e+06,3
1.7212e+06,6
1.7226e+06,1
1.7227e+06,2
1.7229e+06,2
1.723e+06,1
1.7235e+06,1
1.7235e+06,2
1.7236e+06,2
1.7237e+06,1
1.7245e+06,6
1.7253e+06,1
1.7256e+06,2
1.7262e+06,3
1.7263e+06,2
1.7267e+06,1
1.7274e+06,1
1.7276e+06,2
1.7277e+06,2
1.7278e+06,1
1.7285e+06,1
1.7286e+06,2
1.7288e+06,2
1.7289e+06,1
1.7453e+06,6
1.7883e+06,3
1.7892e+06,6
1.7901e+06,1
1.7901e+06,2
1.7901e+06,2
1.7901e+06,1
1.7904e+06,6
1.7908e+06,3
1.7924e+06,1
1.7924e+06,2
1.7924e+06,2
1.7924e+06,1
1.7927e+06,3
1.7929e+06,6
1.7931e+06,6
1.7932e+06,1
1.7932e+06,2
1.7932e+06,2
1.7932e+06,1
1.7932e+06,1
1.7932e+06,2
1.7932e+06,2
1.7932e+06,1
1.7936e+06,6
1.7939e+06,1
1.7939e+06,2
1.7939e+06,2
1.7939e+06,1
1.7941e+06,3
1.9995e+06,3
1.9996e+06,6
1.9996e+06,1
1.9996e+06,2
1.9996e+06,2
1.9996e+06,1
1.9997e+06,6
1.9997e+06,3
1.9998e+06,6
1.9998e+06,6
1.9998e+06,12
1.9998e+06,3
1.9998e+06,6
1.9999e+06,1
1.9999e+06,2
1.9999e+06,2
1.9999e+06,1
1.9999e+06,6
1.9999e+06,3
2.1626e+06,36
3.6004e+06,6
3.6043e+06,12
3.6102e+06,12
3.6121e+06,6
3.6224e+06,6
3.6236e+06,12
3.6279e+06,12
3.6311e+06,6
4.4854e+06,36
6.7351e+06,6
6.7413e+06,12
6.7542e+06,12
6.7609e+06,6
7.0044e+06,6
7.0077e+06,12
7.0126e+06,12
7.0141e+06,6
7.0215e+06,6
7.0223e+06,12
7.025e+06,12
7.027e+06,6
7.8315e+06,6
7.8317e+06,12
7.832e+06,12
7.8322e+06,6
7.8326e+06,6
7.8327e+06,12
7.8329e+06,12
7.833e+06,6
8.4702e+06,36
