11.764,1
119.55,2
194.93,1
265.17,2
630.99,2
844.72,1
1684.5,2
1711.7,1
1724.9,1
1729.5,2
2673.1,1
2677.7,2
3758.5,2
3761.8,1
3786.8,1
3787.4,2
8073.9,1
8222.4,2
8360.9,2
8396.7,1
9131.9,1
9140.5,2
9143.8,2
9143.8,1
9800.2,1
10394,2
12103,2
12258,3
13779,1
15591,1
17336,2
19262,2
20054,1
28019,1
28029,2
28071,2
28128,1
28711,1
29042,2
29558,2
29778,1
31907,2
31907,1
31908,1
31908,2
31967,3
31974,1
31975,2
31984,2
31986,1
32125,3
71344,1
71350,2
71370,2
71392,1
71470,1
71515,2
71584,2
71614,1
78133,2
78133,1
78144,3
78234,1
78234,2
78296,2
78296,1
78364,3
78719,3
84779,3
85559,3
85640,3
88081,3
88099,3
89540,1
89540,2
89557,2
89558,1
89848,3
94735,9
96025,6
1.291e+05,3
1.3776e+05,3
1.3776e+05,3
1.4356e+05,1
1.4358e+05,2
1.436e+05,2
1.4362e+05,1
1.5412e+05,3
1.5412e+05,3
1.6128e+05,3
1.6191e+05,3
1.6198e+05,3
1.6317e+05,3
1.7401e+05,3
1.741e+05,3
1.741e+05,3
1.7411e+05,3
1.7411e+05,3
1.7412e+05,3
2.12e+05,3
2.12e+05,3
2.12e+05,3
2.12e+05,3
2.12e+05,6
2.3853e+05,9
2.4995e+05,1
2.4995e+05,2
2.4995e+05,2
2.4996e+05,1
2.4996e+05,1
2.4996e+05,2
2.4996e+05,2
2.4996e+05,1
2.5041e+05,6
2.5162e+05,1
2.5163e+05,2
2.5166e+05,2
2.5168e+05,1
2.5263e+05,3
2.5534e+05,6
2.5803e+05,1
2.5803e+05,2
2.5803e+05,2
2.5803e+05,1
2.582e+05,6
2.5894e+05,3
2.6825e+05,3
2.7035e+05,6
2.7074e+05,1
2.7074e+05,2
2.7076e+05,2
2.7077e+05,1
2.7555e+05,6
2.7831e+05,3
6.1222e+05,1
6.1222e+05,2
6.1222e+05,2
6.1223e+05,1
6.1223e+05,1
6.1223e+05,2
6.1223e+05,2
6.1223e+05,1
6.1385e+05,6
6.1627e+05,1
6.1637e+05,2
6.1663e+05,2
6.1684e+05,1
6.1716e+05,1
6.1729e+05,2
6.1739e+05,2
6.1741e+05,1
6.1811e+05,1
6.182e+05,2
6.1838e+05,2
6.1846e+05,1
6.2009e+05,3
6.2037e+05,6
6.2075e+05,6
6.2086e+05,3
6.2175e+05,3
6.2192e+05,6
6.2243e+05,6
6.2277e+05,3
6.6486e+05,1
6.6489e+05,2
6.6496e+05,2
6.6499e+05,1
6.7112e+05,1
6.7114e+05,2
6.7116e+05,2
6.7116e+05,1
6.7121e+05,1
6.7122e+05,2
6.7124e+05,2
6.7126e+05,1
6.9018e+05,1
6.9019e+05,2
6.9019e+05,2
6.9019e+05,1
6.9019e+05,1
6.9019e+05,2
6.9019e+05,2
6.902e+05,1
7.0381e+05,6
7.4209e+05,36
1.0113e+06,6
1.0792e+06,1
1.0792e+06,2
1.0792e+06,3
1.0792e+06,3
1.0792e+06,2
1.0792e+06,1
1.2073e+06,1
1.2073e+06,2
1.2073e+06,2
1.2073e+06,1
1.2073e+06,1
1.2073e+06,2
1.2073e+06,2
1.2073e+06,1
1.2631e+06,1
1.2632e+06,2
1.2634e+06,2
1.2635e+06,1
1.2663e+06,3
1.2668e+06,6
1.2678e+06,6
1.268e+06,1
1.2681e+06,2
1.2683e+06,2
1.2683e+06,3
1.2683e+06,1
1.2686e+06,1
1.2687e+06,2
1.2689e+06,2
1.269e+06,1
1.278e+06,1
1.278e+06,2
1.2782e+06,2
1.2782e+06,1
1.3626e+06,3
1.3628e+06,6
1.363e+06,6
1.3631e+06,1
1.3631e+06,2
1.3631e+06,3
1.3631e+06,2
1.3631e+06,1
1.3636e+06,1
1.3636e+06,2
1.3636e+06,2
1.3636e+06,1
1.3636e+06,3
1.3637e+06,6
1.3638e+06,6
1.3639e+06,1
1.3639e+06,2
1.3639e+06,2
1.3639e+06,1
1.3639e+06,1
1.3639e+06,2
1.3639e+06,2
1.3639e+06,1
1.3639e+06,6
1.3641e+06,1
1.3641e+06,2
1.3641e+06,2
1.3641e+06,1
1.3641e+06,3
1.6606e+06,3
1.6606e+06,6
1.6607e+06,1
1.6607e+06,2
1.6607e+06,2
1.6607e+06,1
1.6607e+06,6
1.6607e+06,3
1.6607e+06,3
1.6607e+06,5
1.6607e+06,6
1.6607e+06,3
1.6607e+06,3
1.6607e+06,2
1.6607e+06,1
1.6607e+06,6
1.6607e+06,6
1.6607e+06,6
1.6607e+06,1
1.6607e+06,2
1.6607e+06,2
1.6607e+06,1
1.6607e+06,3
1.8685e+06,36
1.9789e+06,6
2.0002e+06,12
2.0226e+06,12
2.0284e+06,6
2.1013e+06,6
2.1177e+06,12
2.1585e+06,12
2.1801e+06,6
4.8574e+06,6
4.8596e+06,12
4.8625e+06,12
4.8634e+06,6
4.8704e+06,6
4.8717e+06,12
4.8757e+06,12
4.8783e+06,6
5.8131e+06,36
9.9194e+06,6
9.9233e+06,12
9.931e+06,12
9.9348e+06,6
1.0674e+07,6
1.0675e+07,12
1.0677e+07,12
1.0678e+07,6
1.0681e+07,6
1.0682e+07,12
1.0684e+07,12
1.0686e+07,6
1.3008e+07,6
1.3008e+07,12
1.3009e+07,12
1.3009e+07,6
1.3009e+07,6
1.3009e+07,12
1.3009e+07,12
1.3009e+07,6
1.4636e+07,36
