11.612,1
57.729,2
167.13,2
230.68,1
869.6,1
881.39,2
1242.3,1
1273.8,2
1376,2
1424.7,1
1431.5,1
1484.2,2
1556.8,2
1586.1,1
4493.9,1
4498.1,2
4515,2
4522.2,1
4542.3,1
4563.4,2
4602.1,2
4621,1
5748.7,2
5749.3,1
6063.6,1
6063.7,2
6408.5,6
13723,1
13790,2
13925,2
13994,1
15741,1
15746,2
15912,2
15917,1
18194,2
18194,1
18360,1
18361,2
23754,1
23815,2
23934,2
23993,1
25100,3
32861,6
33792,1
33793,2
33794,2
33794,1
33802,1
33804,2
33811,2
33814,1
35788,1
35817,2
35851,2
35860,1
36064,1
36128,2
36364,2
36644,1
37084,1
37481,2
37991,2
38223,1
38545,6
39794,1
39802,2
39808,2
39809,1
40002,1
40061,2
40154,2
40192,1
42077,1
42081,2
42084,2
42085,1
42176,1
42215,2
42298,2
42339,1
43164,6
80690,3
81530,3
93529,3
1.1665e+05,6
1.1686e+05,1
1.1686e+05,2
1.1686e+05,2
1.1686e+05,1
1.1687e+05,1
1.1687e+05,2
1.1687e+05,2
1.1687e+05,1
1.1732e+05,1
1.1733e+05,2
1.1737e+05,2
1.1739e+05,1
1.1756e+05,1
1.1757e+05,2
1.1759e+05,2
1.1765e+05,1
1.1768e+05,1
1.1779e+05,2
1.1792e+05,2
1.1798e+05,1
1.1871e+05,6
1.1946e+05,1
1.1948e+05,2
1.1951e+05,2
1.1952e+05,1
1.1957e+05,1
1.1957e+05,2
1.1959e+05,2
1.196e+05,1
1.212e+05,1
1.2121e+05,2
1.2124e+05,2
1.2124e+05,1
1.2129e+05,1
1.2129e+05,2
1.2131e+05,2
1.2132e+05,1
1.2219e+05,6
1.287e+05,3
1.3238e+05,3
1.3242e+05,3
1.3753e+05,1
1.3755e+05,2
1.3759e+05,2
1.3761e+05,1
1.3942e+05,1
1.3942e+05,2
1.4024e+05,2
1.4024e+05,1
1.4658e+05,2
1.4658e+05,1
1.4921e+05,1
1.4921e+05,2
1.4921e+05,1
1.4921e+05,2
1.4921e+05,2
1.4921e+05,1
1.4921e+05,2
1.4921e+05,1
1.4941e+05,6
1.4989e+05,1
1.4989e+05,2
1.5097e+05,3
1.5383e+05,2
1.5383e+05,1
1.5751e+05,2
1.5751e+05,1
1.5765e+05,1
1.5765e+05,2
1.6033e+05,1
1.604e+05,2
1.6055e+05,2
1.6063e+05,1
1.6458e+05,1
1.6468e+05,2
1.649e+05,2
1.6501e+05,1
1.6562e+05,2
1.6569e+05,1
1.6571e+05,1
1.6572e+05,2
1.6585e+05,1
1.6593e+05,2
1.6597e+05,1
1.6597e+05,2
1.6612e+05,1
1.6614e+05,2
1.6619e+05,2
1.6623e+05,1
1.6812e+05,1
1.6813e+05,2
1.6813e+05,2
1.6813e+05,1
1.6814e+05,1
1.6814e+05,2
1.6815e+05,2
1.6815e+05,1
1.6906e+05,3
1.6909e+05,6
1.7715e+05,1
1.7716e+05,2
1.7718e+05,2
1.7719e+05,1
1.7766e+05,2
1.7766e+05,1
1.7767e+05,1
1.7767e+05,2
1.7917e+05,1
1.7917e+05,2
1.7918e+05,2
1.7919e+05,1
1.8176e+05,6
1.8177e+05,12
1.8501e+05,36
1.8849e+05,6
1.8863e+05,1
1.8863e+05,2
1.8863e+05,3
1.8863e+05,1
1.8863e+05,2
1.8863e+05,2
1.8863e+05,1
1.8895e+05,1
1.8895e+05,2
1.8895e+05,3
1.8895e+05,1
1.8895e+05,2
1.8895e+05,2
1.8895e+05,1
1.8913e+05,6
1.9141e+05,36
2.2067e+05,6
2.207e+05,1
2.207e+05,2
2.207e+05,3
2.207e+05,1
2.207e+05,2
2.207e+05,2
2.207e+05,1
2.2073e+05,1
2.2073e+05,2
2.2073e+05,2
2.2073e+05,1
2.2073e+05,1
2.2073e+05,2
2.2073e+05,2
2.2073e+05,1
2.2073e+05,1
2.2073e+05,2
2.2074e+05,2
2.2074e+05,1
2.2084e+05,6
2.2086e+05,1
2.2086e+05,2
2.2086e+05,3
2.2086e+05,1
2.2086e+05,2
2.2086e+05,2
2.2086e+05,1
2.2093e+05,1
2.2093e+05,2
2.2093e+05,3
2.2093e+05,1
2.2093e+05,2
2.2093e+05,2
2.2093e+05,1
2.2096e+05,6
4.5687e+05,3
4.5771e+05,3
4.5772e+05,3
4.5887e+05,6
4.5933e+05,3
4.5953e+05,3
4.612e+05,3
4.6285e+05,12
4.6285e+05,6
4.6308e+05,3
4.6404e+05,3
4.6494e+05,3
4.6848e+05,3
4.6854e+05,3
4.7253e+05,3
4.7253e+05,5
4.7514e+05,3
4.7516e+05,3
4.7858e+05,3
5.1861e+05,6
5.1867e+05,12
5.1881e+05,9
5.1881e+05,6
5.1888e+05,3
5.1888e+05,3
5.7812e+05,3
5.7828e+05,3
5.8441e+05,3
5.8442e+05,3
5.8519e+05,3
5.8715e+05,3
5.8715e+05,3
5.9075e+05,3
5.9075e+05,3
5.9531e+05,3
5.9543e+05,3
6.0792e+05,6
6.0792e+05,12
6.2853e+05,3
6.4547e+05,3
6.4964e+05,3
6.5076e+05,3
6.5645e+05,6
6.5848e+05,3
6.5855e+05,3
6.6229e+05,3
6.8766e+05,3
6.8781e+05,3
7.0179e+05,3
7.1189e+05,3
7.1193e+05,3
7.1194e+05,3
7.1197e+05,3
7.1197e+05,3
7.2461e+05,36
7.3825e+05,3
7.3881e+05,6
7.3934e+05,6
7.4005e+05,6
7.4075e+05,3
7.4968e+05,36
8.2323e+05,18
8.3249e+05,6
8.3264e+05,6
8.3296e+05,6
8.643e+05,3
8.6441e+05,3
8.6441e+05,3
8.6453e+05,3
8.6453e+05,3
8.6455e+05,3
8.6497e+05,3
8.6505e+05,3
8.6505e+05,3
8.6529e+05,3
8.6529e+05,3
8.6544e+05,3
8.6602e+05,6
8.6622e+05,3
8.6622e+05,3
8.666e+05,6
8.6829e+05,18
1.8128e+06,3
1.8128e+06,3
1.8128e+06,3
1.8128e+06,3
1.8128e+06,3
1.8507e+06,3
2.0312e+06,3
2.0315e+06,6
2.0317e+06,6
2.032e+06,3
2.032e+06,3
2.0323e+06,3
2.2758e+06,3
2.2758e+06,3
2.3138e+06,3
2.381e+06,3
2.381e+06,3
2.381e+06,3
2.381e+06,6
2.8381e+06,9
2.8958e+06,3
2.9362e+06,9
3.2243e+06,15
3.2624e+06,3
3.2811e+06,6
3.3942e+06,3
3.4008e+06,15
