24.421,1
41.957,2
89.683,2
134.97,1
198.3,1
236.52,2
269.2,1
269.67,2
338.14,2
340.91,1
346.27,2
353.23,1
667.08,1
675.67,2
692.97,2
699.89,1
733.66,2
736.72,1
737.92,2
740.67,1
953.59,1
961.05,2
973.1,2
978.09,1
1088.5,6
1425.1,2
1426,1
1607.1,6
1784.4,1
1788.5,2
1889,1
1907.7,2
1955.7,2
1986.5,1
1993.1,2
1994.9,1
2018.8,1
2028.7,2
2135.7,1
2137.3,2
2141.5,2
2144.5,1
2514.7,1
2520,2
2522.7,1
2528.1,2
2563.1,2
2563.7,1
2571.9,2
2578.8,1
2598.9,6
2620.6,1
2620.7,2
2620.8,1
2620.9,2
2622.5,2
2622.6,1
2623.2,2
2624,1
2661.2,6
3781.7,1
3781.8,2
3781.9,2
3781.9,1
3832.9,3
4266.4,6
4305.1,1
4305.2,2
4305.8,1
4306.2,2
4307.5,2
4307.9,1
4307.9,2
4308.1,1
4383.8,1
4384.3,2
4394.1,1
4396.9,2
4409.4,2
4430.4,1
4431.4,2
4431.4,1
4434.7,1
4466.7,2
4525.4,2
4560.2,1
4592.2,1
4595.4,2
4605.2,1
4612.7,6
4614.6,2
4614.7,6
4614.8,1
4614.8,2
4614.9,1
4620.5,6
4632.5,2
4677.3,2
4679.9,1
4687,2
4694,1
5070.4,1
5072.4,2
5078.7,2
5081,1
5103.4,1
5103.6,2
5104.6,1
5105.4,2
5107.6,2
5107.8,1
5108.2,2
5108.6,1
5153.2,1
5153.2,2
5153.3,1
5153.3,2
5153.5,2
5153.5,1
5153.5,2
5153.5,1
5172.5,6
5576.1,36
6394,3
9914.3,1
9914.4,2
9914.6,2
9914.7,1
15043,3
18275,6
18276,12
26926,3
33093,6
33104,12
33127,12
33138,6
45664,3
53498,6
82274,3
83846,3
92303,36
92329,72
1.0452e+05,3
1.0466e+05,3
1.0538e+05,6
1.531e+05,3
1.5314e+05,3
1.5348e+05,3
1.8209e+05,6
2.154e+05,18
2.266e+05,3
2.7022e+05,3
2.7826e+05,3
3.0161e+05,3
3.2736e+05,3
3.323e+05,3
3.496e+05,6
3.6152e+05,3
3.629e+05,3
3.6644e+05,3
3.6973e+05,3
3.6988e+05,3
3.7522e+05,3
5.54e+05,6
5.54e+05,12
5.54e+05,12
5.54e+05,6
5.5924e+05,3
5.5945e+05,3
5.9769e+05,18
6.0011e+05,6
6.0156e+05,3
6.0721e+05,3
6.0741e+05,3
6.2011e+05,3
6.2147e+05,3
6.2373e+05,6
6.2453e+05,3
6.3181e+05,3
6.4077e+05,3
6.5039e+05,3
6.5067e+05,3
6.5067e+05,3
6.5149e+05,3
6.5799e+05,3
6.637e+05,3
6.7739e+05,6
6.9172e+05,6
6.9343e+05,3
6.936e+05,3
7.0861e+05,18
7.1609e+05,3
7.1998e+05,3
7.2032e+05,3
7.2563e+05,6
7.2662e+05,3
7.2665e+05,3
7.2933e+05,3
7.8623e+05,36
1.3979e+06,3
2.5768e+06,3
2.5769e+06,3
2.5769e+06,3
2.5769e+06,3
2.5769e+06,3
4.6661e+06,3
4.6677e+06,6
4.6693e+06,6
4.6709e+06,6
4.6725e+06,3
1.1823e+07,6
1.3015e+07,36
1.3017e+07,18
1.3018e+07,6
1.3018e+07,6
1.3018e+07,6
1.3018e+07,3
1.3018e+07,3
1.3018e+07,6
1.3018e+07,9
1.3018e+07,6
1.3018e+07,3
1.3018e+07,3
1.3018e+07,3
1.3019e+07,6
1.3019e+07,6
1.3019e+07,6
1.3019e+07,18
1.4859e+07,3
3.0372e+07,15
4.9294e+07,3
7.8114e+07,3
7.8114e+07,6
7.8114e+07,6
7.8114e+07,6
7.8114e+07,3
8.4274e+07,15
8.7946e+07,3
9.4446e+07,6
9.7532e+07,3
9.9914e+07,15
1.1086e+08,9
6.5837e+08,3
1.8351e+09,9
1.8353e+09,15
1.8355e+09,3
1.8356e+09,6
1.8357e+09,3
1.8357e+09,15
