9.9609,1
138.43,2
414.55,2
566.25,1
783.76,1
793.74,2
10409,3
10458,2
10471,1
10764,1
10970,2
11351,2
11530,1
11543,6
32802,3
32855,2
32870,1
33221,1
33505,2
34145,2
34522,1
34554,6
41849,1
42408,2
43431,2
43921,1
44558,1
44585,2
44687,3
47189,9
65331,2
65341,1
65553,1
65703,2
65983,2
66115,1
66126,6
8.5543e+05,39
8.5943e+05,6
8.5944e+05,1
8.5962e+05,2
8.5998e+05,2
8.6017e+05,1
8.6045e+05,1
8.6046e+05,2
8.8419e+05,9
8.8748e+05,3
8.8762e+05,2
8.8765e+05,1
8.8849e+05,1
8.8914e+05,2
8.9049e+05,2
8.9123e+05,1
9.0088e+05,6
9.0092e+05,1
9.0142e+05,2
9.0227e+05,2
9.0264e+05,1
9.0311e+05,1
9.0313e+05,2
9.032e+05,3
9.3159e+05,6
9.3161e+05,1
9.3185e+05,2
9.3236e+05,2
9.3264e+05,1
9.3303e+05,1
9.3305e+05,2
9.3312e+05,3
9.4608e+05,2
9.461e+05,1
9.4639e+05,1
9.466e+05,2
9.4697e+05,2
9.4714e+05,1
9.4716e+05,42
2.6107e+06,39
2.6147e+06,6
2.6147e+06,1
2.6149e+06,2
2.6153e+06,2
2.6155e+06,1
2.6158e+06,1
2.6158e+06,2
2.6424e+06,9
2.6464e+06,3
2.6466e+06,2
2.6466e+06,1
2.6477e+06,1
2.6485e+06,2
2.6502e+06,2
2.6511e+06,1
2.6639e+06,6
2.664e+06,1
2.6647e+06,2
2.6659e+06,2
2.6664e+06,1
2.667e+06,1
2.6671e+06,2
2.6672e+06,3
2.7123e+06,6
2.7123e+06,1
2.7128e+06,2
2.7137e+06,2
2.7142e+06,1
2.7149e+06,1
2.715e+06,2
2.7151e+06,3
2.7408e+06,2
2.7409e+06,1
2.7415e+06,1
2.7419e+06,2
2.7427e+06,2
2.7431e+06,1
2.7432e+06,42
3.2839e+06,1
3.2844e+06,2
3.2856e+06,2
3.2862e+06,1
3.2871e+06,1
3.2871e+06,2
3.3243e+06,3
3.3245e+06,2
3.3246e+06,1
3.3256e+06,1
3.3264e+06,2
3.3278e+06,2
3.3284e+06,1
3.3285e+06,6
3.3984e+06,3
3.3986e+06,2
3.3986e+06,1
3.3997e+06,1
3.4005e+06,2
3.4025e+06,2
3.4036e+06,1
3.4037e+06,6
3.4248e+06,1
3.4264e+06,2
3.4292e+06,2
3.4306e+06,1
3.4324e+06,1
3.4324e+06,2
3.4327e+06,3
3.4396e+06,9
3.4863e+06,2
3.4863e+06,1
3.4868e+06,1
3.4872e+06,2
3.4879e+06,2
3.4882e+06,1
3.4882e+06,6
3.4957e+06,39
3.6779e+06,81
4.9575e+06,6
4.9575e+06,1
4.9576e+06,2
4.9578e+06,2
4.958e+06,1
4.9581e+06,1
4.9581e+06,2
4.9727e+06,9
4.9747e+06,3
4.9748e+06,2
4.9748e+06,1
4.9753e+06,1
4.9757e+06,2
4.9766e+06,2
4.977e+06,1
4.983e+06,6
4.983e+06,1
4.9833e+06,2
4.9838e+06,2
4.9841e+06,1
4.9844e+06,1
4.9844e+06,2
4.9844e+06,3
5.0021e+06,6
5.0021e+06,1
5.0023e+06,2
5.0026e+06,2
5.0028e+06,1
5.003e+06,1
5.003e+06,2
5.0031e+06,3
5.0112e+06,2
5.0112e+06,1
5.0114e+06,1
5.0115e+06,2
5.0117e+06,2
5.0119e+06,1
5.0119e+06,42
5.2213e+06,363
