21.134,1
60.703,2
200.53,2
202.95,1
314.72,1
321.08,2
561.8,2
708.53,1
714.55,2
864.91,1
904.8,1
1236,2
1385.2,1
1388.2,2
1896.9,1
1957.2,2
2240.3,2
2518.6,1
2530.3,1
2634.2,2
2681.5,2
2687.4,1
2748.3,1
2748.4,2
4062.8,2
4074.6,1
4253.8,1
4264,2
4379.4,3
5281.4,1
5460.9,2
5736.2,2
5816.4,1
6176.2,1
6271.7,2
6549,2
6733,1
7770.8,2
7771.2,1
7798.6,1
7800.6,2
8237.2,1
8240.4,2
8249.4,2
8255.9,1
8478.3,1
8488.2,2
8541.5,2
8563.4,1
9359.4,1
9359.4,2
11075,3
11264,1
11529,2
11978,2
12147,1
12663,3
12769,1
12811,2
12972,2
13127,1
13138,6
15157,2
15165,1
15269,1
15282,2
15807,1
15854,2
16135,1
16245,2
16278,1
16319,2
16402,1
16403,2
16616,2
16760,1
18227,1
18234,2
18274,2
18279,1
21169,3
22947,3
22948,1
22948,2
23268,1
23304,2
23373,2
23402,1
23493,1
23497,2
23513,2
23529,1
25965,2
25965,1
26009,1
26009,2
26104,2
26105,1
26440,3
26442,2
26442,1
26453,1
26453,2
27961,1
28019,2
28131,2
28185,1
28533,2
28533,1
28534,1
28534,2
30141,9
32133,3
33226,6
34526,1
34526,2
35279,2
35279,1
35914,3
37327,3
37653,3
37988,6
39073,3
39105,3
39548,3
41163,3
41843,1
41843,2
42025,2
42026,1
45209,1
45315,2
45575,2
45735,1
45873,2
45874,1
46038,1
46041,2
46075,2
46205,1
46304,1
46401,2
46401,1
46401,2
46402,1
46440,3
46514,2
46647,2
46683,1
47812,1
47976,2
48356,2
48694,1
48814,1
49050,2
49218,2
49276,1
49446,1
49454,2
49464,2
49467,1
58092,3
59377,6
60597,1
60626,2
60683,2
60712,1
61552,6
62398,3
62408,3
62409,6
62409,6
62474,3
63506,6
68841,1
68842,2
68842,2
68842,1
68848,1
68851,2
68856,2
68859,1
72338,9
77860,1
77883,2
77927,2
77946,1
78105,3
78114,1
78132,2
78196,2
78219,6
78259,1
78334,6
78365,3
78704,1
78834,2
79056,2
79178,1
79310,1
79319,6
79336,2
79353,2
79357,1
79362,3
79777,6
80266,1
80298,2
80352,2
80375,1
80900,6
81589,3
85605,1
85615,2
85624,2
85626,1
85715,1
85750,2
85829,2
85871,1
90422,36
96400,6
1.0478e+05,1
1.049e+05,2
1.0516e+05,2
1.0531e+05,1
1.0867e+05,1
1.0872e+05,2
1.0877e+05,2
1.0878e+05,1
1.091e+05,1
1.0921e+05,2
1.0944e+05,2
1.0956e+05,1
1.1557e+05,3
1.1649e+05,6
1.1718e+05,1
1.1718e+05,2
1.1719e+05,2
1.1719e+05,1
1.172e+05,1
1.1721e+05,2
1.1722e+05,2
1.1723e+05,1
1.1827e+05,6
1.1864e+05,6
1.1915e+05,3
1.2273e+05,1
1.2287e+05,2
1.2321e+05,2
1.2344e+05,1
1.2416e+05,1
1.2424e+05,2
1.2429e+05,2
1.2431e+05,1
1.2485e+05,1
1.2498e+05,2
1.252e+05,2
1.2529e+05,1
1.3661e+05,3
1.3671e+05,6
1.368e+05,6
1.3683e+05,3
1.3744e+05,3
1.3757e+05,1
1.3759e+05,2
1.3763e+05,2
1.3764e+05,6
1.3766e+05,1
1.3778e+05,1
1.3779e+05,2
1.378e+05,2
1.378e+05,1
1.3808e+05,6
1.383e+05,3
1.3854e+05,1
1.3856e+05,2
1.3858e+05,2
1.3859e+05,1
1.392e+05,1
1.392e+05,2
1.3921e+05,2
1.3921e+05,1
1.3921e+05,1
1.3921e+05,2
1.3921e+05,2
1.3921e+05,1
1.3932e+05,6
1.7428e+05,6
1.7813e+05,12
1.8466e+05,12
1.8718e+05,3
1.8718e+05,6
1.8718e+05,6
1.8718e+05,3
1.8719e+05,6
1.872e+05,3
1.872e+05,6
1.8721e+05,6
1.8722e+05,6
1.8722e+05,6
1.8723e+05,3
1.8723e+05,6
1.8723e+05,12
1.8742e+05,6
2.1701e+05,36
2.3431e+05,6
2.3466e+05,12
2.35e+05,12
2.3509e+05,6
2.3809e+05,6
2.3933e+05,12
2.427e+05,12
2.4477e+05,6
2.7127e+05,36
3.4672e+05,6
3.4948e+05,12
3.5482e+05,12
3.5744e+05,6
4.0984e+05,6
4.1013e+05,12
4.1041e+05,12
4.1048e+05,6
4.1231e+05,6
4.1291e+05,12
4.1424e+05,12
4.149e+05,6
5.6153e+05,6
5.6154e+05,12
5.6155e+05,12
5.6155e+05,6
5.616e+05,6
5.6162e+05,12
5.6166e+05,12
5.6168e+05,6
6.5104e+05,36
