12.827,1
63.719,2
195.15,2
286.37,1
320.8,1
342.08,2
1379.5,3
1478.3,2
1509.1,1
1560.1,1
1702.3,2
1928.1,2
2023.1,1
2047.8,6
5320.1,3
5352.4,2
5364.2,1
5385.5,1
5461.7,2
5677.5,2
5886.8,1
6252.1,6
6417.4,1
6755.9,2
7278.7,2
7545.7,1
7634.3,1
7686.2,2
7844.1,3
9154.3,9
10348,2
10380,1
10433,1
10580,2
10806,2
10897,1
10920,6
42944,39
45907,6
45939,1
46063,2
46371,2
46572,1
46645,1
46689,2
48351,9
50225,3
50454,2
50530,1
50659,1
51050,2
51823,2
52328,1
52576,6
53128,1
53446,2
53776,2
53893,1
53926,1
53944,2
53993,3
59221,6
59262,1
59420,2
59797,2
60036,1
60122,1
60174,2
60341,3
62116,2
62153,1
62213,1
62371,2
62601,2
62690,1
62712,42
1.5006e+05,39
1.5085e+05,6
1.5086e+05,1
1.509e+05,2
1.5099e+05,2
1.5105e+05,1
1.5108e+05,1
1.5109e+05,2
1.5165e+05,9
1.5239e+05,3
1.5249e+05,2
1.5252e+05,1
1.5258e+05,1
1.5275e+05,2
1.5312e+05,2
1.5337e+05,1
1.535e+05,6
1.5379e+05,1
1.5397e+05,2
1.5416e+05,2
1.5423e+05,1
1.5425e+05,1
1.5426e+05,2
1.5429e+05,3
1.5868e+05,6
1.5873e+05,1
1.5892e+05,2
1.5942e+05,2
1.5975e+05,1
1.5988e+05,1
1.5996e+05,2
1.6021e+05,3
1.6402e+05,2
1.6414e+05,1
1.6435e+05,1
1.6494e+05,2
1.6603e+05,2
1.6658e+05,1
1.7216e+05,42
1.7234e+05,1
1.7298e+05,2
1.7429e+05,2
1.7504e+05,1
1.753e+05,1
1.7546e+05,2
1.8099e+05,3
1.8141e+05,2
1.8154e+05,1
1.8174e+05,1
1.8231e+05,2
1.8317e+05,2
1.8352e+05,1
1.8361e+05,6
1.9299e+05,3
1.9307e+05,2
1.931e+05,1
1.9315e+05,1
1.9333e+05,2
1.9383e+05,2
1.9431e+05,1
1.9512e+05,6
1.9548e+05,1
1.9621e+05,2
1.9729e+05,2
1.9783e+05,1
1.98e+05,1
1.981e+05,2
1.9841e+05,3
2.0086e+05,9
2.0291e+05,2
2.0296e+05,1
2.0305e+05,1
2.0329e+05,2
2.0366e+05,2
2.038e+05,1
2.0384e+05,6
2.0716e+05,39
2.3343e+05,81
2.5543e+05,6
2.5545e+05,1
2.5552e+05,2
2.5571e+05,2
2.5584e+05,1
2.5588e+05,1
2.5591e+05,2
2.5693e+05,9
2.5808e+05,3
2.5822e+05,2
2.5826e+05,1
2.5834e+05,1
2.5858e+05,2
2.5905e+05,2
2.5935e+05,1
2.595e+05,6
2.5983e+05,1
2.6002e+05,2
2.6022e+05,2
2.6029e+05,1
2.6031e+05,1
2.6032e+05,2
2.6035e+05,3
2.6339e+05,6
2.6342e+05,1
2.6351e+05,2
2.6372e+05,2
2.6385e+05,1
2.639e+05,1
2.6393e+05,2
2.6402e+05,3
2.6501e+05,2
2.6503e+05,1
2.6506e+05,1
2.6515e+05,2
2.6528e+05,2
2.6533e+05,1
2.6534e+05,42
3.0013e+05,363
