48.043,1
72.482,2
237.15,2
250.98,1
379.6,1
561.96,2
1023.6,2
1143.8,1
1144.4,2
1331.1,1
3216.6,2
3246,1
3312.9,1
3389.8,2
4204.3,2
4204.7,1
4212.1,1
4216,2
4448.7,3
5518.6,1
5966.2,2
6659.6,2
6708.3,1
7058.2,2
7665.1,1
7877.4,1
8127.1,2
8243.3,2
8249.1,1
9932.4,1
9933,2
10001,2
10002,1
18037,3
18074,3
18818,3
21779,1
22140,2
22815,2
23122,1
23564,3
25195,1
25195,2
25196,2
25197,1
25268,1
25319,2
25463,2
25567,1
26692,6
39846,1
40135,2
40678,2
40931,1
42789,1
42812,2
42950,2
42984,1
43948,2
43948,1
45021,3
45721,1
45722,2
45748,2
45749,1
46253,1
46263,2
46306,2
46318,1
54274,3
54400,3
54425,1
54425,2
54426,3
54443,1
54443,2
54444,2
54445,1
56998,9
59380,1
59430,2
59494,2
59512,1
59678,1
59712,2
59814,2
59877,1
88092,3
96268,3
96268,3
1.0812e+05,1
1.0816e+05,2
1.0824e+05,2
1.0827e+05,1
1.0838e+05,1
1.0839e+05,2
1.0842e+05,2
1.0845e+05,1
1.1007e+05,2
1.1007e+05,1
1.101e+05,1
1.101e+05,2
1.1062e+05,2
1.1062e+05,1
1.1281e+05,1
1.1286e+05,2
1.1295e+05,2
1.13e+05,1
1.1306e+05,2
1.1306e+05,1
1.1306e+05,1
1.1306e+05,2
1.2386e+05,1
1.2386e+05,2
1.2404e+05,2
1.2404e+05,1
1.2428e+05,3
1.2577e+05,3
1.308e+05,3
1.308e+05,3
1.3277e+05,3
1.3277e+05,3
1.3322e+05,3
1.4138e+05,6
1.5418e+05,3
1.543e+05,3
1.543e+05,3
1.5431e+05,3
1.5431e+05,3
1.5431e+05,3
2.4742e+05,3
2.4742e+05,12
2.4742e+05,9
2.5904e+05,1
2.5922e+05,2
2.5963e+05,2
2.5988e+05,1
2.6308e+05,1
2.631e+05,2
2.6311e+05,2
2.6311e+05,1
2.6382e+05,1
2.6408e+05,2
2.6454e+05,2
2.6475e+05,1
2.7013e+05,6
2.745e+05,1
2.7451e+05,2
2.7453e+05,2
2.7454e+05,1
2.7456e+05,1
2.7456e+05,2
2.7456e+05,2
2.7456e+05,1
2.8268e+05,3
2.8618e+05,6
2.9178e+05,1
2.9181e+05,2
2.9185e+05,2
2.9187e+05,1
2.9251e+05,6
2.9535e+05,12
3.2525e+05,3
3.2526e+05,6
3.2526e+05,6
3.2526e+05,3
3.2564e+05,1
3.2564e+05,2
3.2564e+05,2
3.2565e+05,1
3.2566e+05,1
3.2566e+05,2
3.2567e+05,2
3.2567e+05,1
3.2599e+05,3
3.264e+05,6
3.2641e+05,6
3.2656e+05,1
3.2656e+05,2
3.2656e+05,2
3.2656e+05,1
3.2656e+05,3
3.2656e+05,5
3.2747e+05,6
3.2757e+05,1
3.2757e+05,2
3.2758e+05,2
3.2759e+05,1
3.2812e+05,3
3.4199e+05,36
5.2855e+05,6
5.776e+05,1
5.776e+05,2
5.776e+05,2
5.776e+05,1
5.7761e+05,1
5.7761e+05,2
5.7761e+05,2
5.7761e+05,1
6.6033e+05,1
6.6034e+05,2
6.6035e+05,2
6.6036e+05,1
6.6067e+05,1
6.6083e+05,2
6.6126e+05,2
6.6157e+05,1
6.6313e+05,3
6.6356e+05,1
6.6394e+05,2
6.64e+05,6
6.6453e+05,2
6.6478e+05,1
6.6573e+05,6
6.6659e+05,3
6.7835e+05,1
6.7835e+05,2
6.7836e+05,2
6.7836e+05,1
6.7852e+05,1
6.7859e+05,2
6.7874e+05,2
6.7881e+05,1
7.4468e+05,1
7.4468e+05,2
7.447e+05,2
7.447e+05,1
7.5463e+05,6
7.8477e+05,1
7.8477e+05,2
7.8477e+05,2
7.8477e+05,1
7.8477e+05,1
7.8478e+05,2
7.8478e+05,2
7.8478e+05,1
7.9664e+05,1
7.9664e+05,2
7.9664e+05,3
7.9664e+05,1
7.9664e+05,2
7.9664e+05,2
7.9664e+05,1
7.9934e+05,6
9.2472e+05,3
9.2473e+05,6
9.2474e+05,6
9.2474e+05,3
9.2503e+05,3
9.2509e+05,1
9.2509e+05,2
9.2509e+05,2
9.2509e+05,1
9.2512e+05,1
9.2512e+05,2
9.2512e+05,2
9.2512e+05,1
9.2517e+05,6
9.2544e+05,6
9.2558e+05,3
9.2566e+05,1
9.2566e+05,2
9.2567e+05,2
9.2567e+05,1
9.2585e+05,6
9.2585e+05,1
9.2585e+05,2
9.2585e+05,2
9.2585e+05,1
9.2587e+05,6
1.4845e+06,3
1.4845e+06,6
1.4845e+06,6
1.4845e+06,3
1.4845e+06,6
1.4845e+06,3
1.4845e+06,6
1.4845e+06,6
1.4845e+06,6
1.4845e+06,3
1.4845e+06,6
1.4845e+06,12
1.4845e+06,6
1.6961e+06,6
1.7171e+06,12
1.7551e+06,12
1.7721e+06,42
1.9515e+06,6
1.9515e+06,12
1.9516e+06,12
1.9516e+06,6
1.9559e+06,6
1.9585e+06,12
1.9648e+06,12
1.9687e+06,6
2.0519e+06,36
3.9788e+06,6
3.984e+06,12
3.9944e+06,12
3.9995e+06,6
5.5483e+06,6
5.5484e+06,12
5.5484e+06,12
5.5485e+06,6
5.5502e+06,6
5.551e+06,12
5.5527e+06,12
5.5535e+06,6
8.9071e+06,6
8.9071e+06,12
8.9071e+06,12
8.9071e+06,6
8.9072e+06,6
8.9072e+06,12
8.9072e+06,12
8.9072e+06,6
1.0633e+07,36
