13.786,1
83.83,2
169.14,1
367.1,2
581.7,1
582.73,2
670.28,1
693.85,2
1139.1,2
1203.3,1
1267.2,2
1621.4,1
2794.5,2
2796.3,1
2796.8,2
2797.6,1
6879,2
6882.7,1
6884.5,1
6884.7,2
7333.1,1
7404.4,2
7705.6,2
8389.9,1
8476.5,3
8902.3,1
9973.6,2
10048,1
10048,2
10123,2
10137,1
10199,1
10222,2
10235,2
10235,1
10436,1
10713,3
11141,2
13822,2
15767,1
20016,1
21064,2
21153,2
21159,1
21176,1
21176,2
21185,2
21188,1
21199,1
21201,2
21217,3
21261,1
21846,2
23638,2
24310,1
24366,9
25694,1
25694,2
26622,1
26622,2
26622,2
26622,1
29774,2
29774,4
32321,1
32512,2
32680,3
32960,2
33220,1
61811,3
61820,1
61821,2
61821,2
61821,1
63179,1
63636,2
64581,2
65132,1
65757,1
65876,2
65955,2
65975,1
70383,3
73611,3
73616,6
73617,3
73617,3
73618,3
77075,6
82905,1
83079,2
83409,2
83566,1
88143,6
93092,3
1.0483e+05,3
1.0483e+05,15
1.227e+05,9
1.6187e+05,1
1.6188e+05,2
1.6189e+05,2
1.6189e+05,1
1.6196e+05,1
1.6199e+05,2
1.6204e+05,2
1.6208e+05,1
1.992e+05,6
2.3603e+05,1
2.3607e+05,2
2.3616e+05,2
2.362e+05,1
2.3651e+05,3
2.3709e+05,6
2.3729e+05,1
2.3729e+05,2
2.3729e+05,2
2.3729e+05,1
2.3767e+05,6
2.3782e+05,3
2.395e+05,1
2.3962e+05,2
2.3991e+05,2
2.4013e+05,1
2.4037e+05,1
2.4045e+05,2
2.4049e+05,2
2.405e+05,1
2.4136e+05,3
2.4251e+05,6
2.4338e+05,1
2.4355e+05,2
2.4385e+05,2
2.4398e+05,1
2.4521e+05,6
2.4661e+05,3
2.5175e+05,6
4.9762e+05,1
4.9762e+05,2
4.9763e+05,2
4.9763e+05,1
4.9765e+05,1
4.9766e+05,2
4.9768e+05,2
4.9769e+05,1
4.9794e+05,1
4.98e+05,2
4.9814e+05,2
4.9826e+05,1
4.9833e+05,1
4.9839e+05,2
4.9842e+05,2
4.9843e+05,1
4.9861e+05,6
4.987e+05,3
4.9877e+05,6
4.988e+05,1
4.9884e+05,6
4.9885e+05,2
4.9886e+05,3
4.9894e+05,2
4.9898e+05,1
4.9922e+05,3
4.9934e+05,6
4.9963e+05,6
4.9979e+05,3
5.726e+05,36
6.0382e+05,1
6.0382e+05,2
6.0382e+05,2
6.0382e+05,1
6.2561e+05,1
6.2561e+05,2
6.2562e+05,2
6.2562e+05,1
6.2562e+05,1
6.2562e+05,2
6.2562e+05,2
6.2562e+05,1
6.9969e+05,1
6.9969e+05,2
6.9969e+05,2
6.9969e+05,1
6.9969e+05,1
6.9969e+05,2
6.9969e+05,2
6.9969e+05,1
7.6798e+05,6
1.4522e+06,3
1.4523e+06,6
1.4525e+06,6
1.4526e+06,1
1.4526e+06,2
1.4526e+06,2
1.4526e+06,1
1.4526e+06,3
1.4526e+06,1
1.4526e+06,2
1.4526e+06,2
1.4526e+06,1
1.4528e+06,1
1.4528e+06,2
1.4528e+06,2
1.4528e+06,1
1.654e+06,6
1.7298e+06,3
1.7298e+06,6
1.7298e+06,6
1.7298e+06,3
1.7299e+06,1
1.7299e+06,2
1.7299e+06,2
1.7299e+06,1
1.7299e+06,5
1.7299e+06,5
1.7299e+06,3
1.7299e+06,6
1.73e+06,6
1.73e+06,1
1.73e+06,2
1.73e+06,2
1.73e+06,1
1.73e+06,5
1.73e+06,5
1.73e+06,1
1.73e+06,2
1.73e+06,2
1.73e+06,1
1.73e+06,3
1.73e+06,6
1.8113e+06,12
2.0714e+06,12
2.1877e+06,6
2.4635e+06,3
2.4635e+06,6
2.4635e+06,6
2.4635e+06,3
2.4635e+06,1
2.4635e+06,2
2.4635e+06,2
2.4635e+06,1
2.4635e+06,6
2.4635e+06,3
2.4635e+06,6
2.4635e+06,6
2.4635e+06,6
2.4635e+06,12
2.4635e+06,1
2.4635e+06,2
2.4635e+06,2
2.4635e+06,1
2.4635e+06,3
2.8835e+06,36
5.558e+06,6
5.5717e+06,12
5.5853e+06,12
5.5887e+06,6
5.6719e+06,6
5.6989e+06,12
5.7623e+06,12
5.7953e+06,6
1.1719e+07,6
1.1721e+07,12
1.1723e+07,12
1.1723e+07,6
1.1732e+07,6
1.1734e+07,12
1.1741e+07,12
1.1745e+07,6
1.3456e+07,36
3.4126e+07,6
3.4128e+07,12
3.4133e+07,12
3.4135e+07,6
4.065e+07,6
4.065e+07,12
4.0651e+07,12
4.0651e+07,6
4.0652e+07,6
4.0653e+07,12
4.0654e+07,12
4.0655e+07,6
5.7892e+07,6
5.7892e+07,12
5.7892e+07,12
5.7892e+07,6
5.7892e+07,6
5.7892e+07,12
5.7892e+07,12
5.7892e+07,6
6.7761e+07,36
