15.037,1
50.908,2
151.9,2
227.07,1
332.23,1
350.85,2
615.39,1
662.01,2
796.33,2
853.28,1
861.83,1
930.14,2
1023.9,2
1060.3,1
1712.3,2
1713.7,1
1988.8,1
1989,2
2817.4,1
2845.7,2
2905,2
2930.6,1
3079.9,1
3084,2
3118.2,2
3163.2,1
3912.2,1
4069.5,2
4356.6,2
4511.2,1
4742,6
4844.1,1
4885.2,2
4938.3,2
4954,1
6359.2,2
6360.7,1
6407.1,1
6413.6,2
6969.7,1
7030.9,2
7148.2,2
7204.2,1
9483.9,3
11125,1
11125,2
11657,2
11657,1
12174,6
13120,1
13124,2
13131,2
13135,1
13140,1
13141,2
13143,2
13144,1
14186,1
14186,2
14836,1
14891,2
15023,2
15105,1
15837,1
15839,2
15882,2
15976,1
16172,1
16449,2
16850,2
17049,1
17193,6
18240,1
18310,2
18385,2
18403,1
18519,1
18532,2
18572,2
18597,1
20198,1
20231,2
20280,2
20295,1
20385,1
20396,2
20434,2
20462,1
21158,6
24348,3
26252,3
26271,3
28449,1
28459,2
28478,2
28488,1
29305,1
29305,2
29616,2
29616,1
32466,3
33417,3
33417,3
33417,3
33417,3
33417,1
33451,6
33913,3
34386,3
35529,3
37251,3
37335,3
39351,1
39351,2
39352,2
39353,1
40875,3
40907,3
42317,3
48901,6
49260,1
49260,2
49260,2
49260,1
49260,1
49260,2
49261,2
49261,1
50124,1
50125,2
50126,2
50126,1
50133,1
50135,2
50141,2
50144,1
50620,1
50629,2
50646,2
50655,1
54584,1
54586,2
54587,2
54588,1
54613,1
54623,2
54646,2
54657,1
54726,6
55109,1
55109,2
55110,2
55110,1
55118,1
55121,2
55130,2
55135,1
56062,6
58352,1
58371,2
58407,2
58425,1
60914,1
60914,2
60917,2
60921,1
60926,1
60936,2
60951,2
60957,1
64376,1
64377,2
64377,2
64378,1
64381,1
64383,2
64385,2
64386,1
66174,6
66676,3
66692,3
66835,3
66838,3
66901,3
68725,6
68918,1
68926,2
68948,2
68964,1
68987,1
68998,2
69008,2
69011,1
69270,1
69277,2
69293,2
69300,1
69423,1
69425,2
69429,2
69431,1
69441,1
69442,2
69443,2
69443,1
75596,6
75855,1
75855,2
75855,2
75855,1
75855,6
76291,3
76291,3
76291,6
76477,6
78704,3
81380,36
90422,36
97801,3
98519,3
98521,3
99005,1
99005,2
99005,2
99006,1
99393,6
99393,1
99393,2
99393,2
99393,1
99398,6
99403,1
99403,2
99403,2
99403,1
99403,1
99404,2
99405,2
99405,1
99420,6
99427,1
99429,2
99434,2
99436,1
99442,3
99442,2
99442,1
99456,1
99456,2
99456,2
99456,1
99472,3
99473,2
99473,1
99477,1
99479,2
99483,2
99484,1
99486,6
1.0025e+05,3
1.0027e+05,3
1.0126e+05,3
1.0456e+05,12
1.0456e+05,6
1.0623e+05,3
1.0629e+05,3
1.0805e+05,1
1.0805e+05,2
1.0805e+05,2
1.0805e+05,1
1.0926e+05,3
1.093e+05,3
1.0945e+05,3
1.1024e+05,3
1.1026e+05,3
1.1212e+05,3
1.1591e+05,1
1.1591e+05,2
1.1591e+05,2
1.1591e+05,1
1.1677e+05,3
1.2111e+05,3
1.2129e+05,3
1.2198e+05,3
1.2208e+05,3
1.2431e+05,1
1.2431e+05,2
1.2431e+05,2
1.2431e+05,1
1.2877e+05,3
1.2877e+05,3
1.3235e+05,3
1.3254e+05,1
1.3254e+05,2
1.3254e+05,2
1.3254e+05,1
1.3284e+05,12
1.3284e+05,6
1.3504e+05,6
1.3514e+05,3
1.3514e+05,4
1.3514e+05,2
1.3514e+05,2
1.3514e+05,2
1.3514e+05,1
1.3534e+05,1
1.3534e+05,2
1.3534e+05,2
1.3534e+05,1
1.3534e+05,1
1.3534e+05,2
1.3534e+05,2
1.3534e+05,1
1.3544e+05,1
1.3544e+05,2
1.3544e+05,2
1.3544e+05,1
1.3745e+05,3
1.3756e+05,3
1.3771e+05,3
1.3823e+05,3
1.3874e+05,3
1.3884e+05,3
1.394e+05,3
1.3945e+05,3
1.5119e+05,3
1.5171e+05,6
1.5213e+05,6
1.5258e+05,6
1.5295e+05,3
1.6276e+05,36
1.8084e+05,36
1.9443e+05,6
1.9443e+05,12
1.9594e+05,6
1.9594e+05,6
1.9601e+05,6
1.9879e+05,3
1.9879e+05,3
1.988e+05,3
1.988e+05,3
1.9881e+05,3
1.9881e+05,3
1.9884e+05,3
1.9888e+05,3
1.9888e+05,3
1.9894e+05,3
1.9894e+05,3
1.9897e+05,3
1.9938e+05,6
1.9938e+05,6
1.9945e+05,6
1.9992e+05,18
2.0912e+05,3
2.0912e+05,3
2.0912e+05,3
2.0912e+05,3
2.0912e+05,3
2.1611e+05,3
2.3627e+05,3
2.3627e+05,3
2.4862e+05,3
2.6567e+05,3
2.6567e+05,3
2.6567e+05,3
2.6567e+05,3
2.6568e+05,3
2.7009e+05,3
2.7029e+05,3
2.7029e+05,3
2.7049e+05,6
2.7069e+05,3
2.7069e+05,3
2.7088e+05,3
3.0426e+05,3
3.2552e+05,9
3.6169e+05,9
3.8887e+05,3
3.8887e+05,6
3.8887e+05,6
3.9202e+05,3
3.9404e+05,3
3.9404e+05,3
3.9889e+05,3
3.9984e+05,15
