10795,1
11279,2
11805,1
16969,2
28257,2
33917,1
33929,3
4.0611e+07,1
4.0772e+07,2
4.1153e+07,2
4.1372e+07,1
4.1397e+07,2
4.142e+07,1
4.2434e+07,6
4.3564e+07,1
4.3588e+07,2
4.3613e+07,1
4.3841e+07,2
4.4241e+07,2
4.4412e+07,1
6.3757e+07,3
6.3757e+07,1
6.3771e+07,2
6.3799e+07,2
6.3812e+07,1
6.3813e+07,2
6.3815e+07,1
6.3841e+07,6
1.063e+08,3
1.063e+08,1
1.063e+08,2
1.063e+08,2
1.063e+08,1
1.063e+08,2
1.063e+08,1
1.0631e+08,6
1.276e+08,9
1.2764e+08,39
1.5268e+11,6
1.5268e+11,8
1.5329e+11,6
1.5329e+11,1
1.5329e+11,2
1.5329e+11,1
1.5329e+11,2
1.5329e+11,2
1.5329e+11,1
1.5329e+11,3
1.5472e+11,6
1.5472e+11,1
1.5472e+11,2
1.5472e+11,1
1.5472e+11,2
1.5473e+11,2
1.5473e+11,1
1.5473e+11,2
1.5473e+11,2
1.5554e+11,1
1.5555e+11,2
1.5557e+11,1
1.5557e+11,1
1.5558e+11,1
1.5558e+11,1
1.5558e+11,1
1.5558e+11,1
1.5564e+11,6
1.5569e+11,1
1.5569e+11,1
1.5569e+11,1
1.5569e+11,1
1.557e+11,1
1.557e+11,1
1.5572e+11,2
1.5572e+11,1
1.595e+11,2
1.595e+11,1
1.595e+11,1
1.595e+11,2
1.5951e+11,2
1.5952e+11,1
1.5952e+11,2
1.5952e+11,1
1.5953e+11,20
1.5953e+11,41
1.5991e+11,1
1.5992e+11,2
1.5992e+11,1
1.5992e+11,2
1.5993e+11,2
1.5994e+11,1
1.5994e+11,3
1.6378e+11,1
1.6379e+11,2
1.638e+11,1
1.638e+11,1
1.6382e+11,1
1.6382e+11,2
1.6382e+11,1
1.6387e+11,6
1.6392e+11,1
1.6392e+11,1
1.6392e+11,1
1.6393e+11,1
1.6394e+11,1
1.6394e+11,1
1.6396e+11,2
1.6396e+11,1
1.6481e+11,2
1.6481e+11,2
1.6481e+11,1
1.6482e+11,2
1.6482e+11,2
1.6482e+11,1
1.6482e+11,2
1.6482e+11,1
1.6482e+11,6
1.6632e+11,2
1.6632e+11,2
1.6632e+11,1
1.6632e+11,2
1.6632e+11,2
1.6632e+11,1
1.6632e+11,2
1.6632e+11,1
1.6632e+11,6
1.6696e+11,3
1.6696e+11,8
2.3962e+11,12
2.3962e+11,23
2.3962e+11,6
2.3962e+11,3
2.3962e+11,6
2.3967e+11,6
2.3967e+11,1
2.3967e+11,2
2.3967e+11,1
2.3967e+11,2
2.3967e+11,2
2.3967e+11,1
2.3967e+11,2
2.3967e+11,1
2.3978e+11,6
2.3978e+11,1
2.3978e+11,2
2.3978e+11,1
2.3978e+11,2
2.3978e+11,2
2.3978e+11,1
2.3978e+11,2
2.3978e+11,1
2.3982e+11,1
2.3982e+11,2
2.3983e+11,2
2.3983e+11,1
2.3983e+11,2
2.3983e+11,1
2.3983e+11,6
2.3983e+11,1
2.3983e+11,2
2.3983e+11,1
2.3983e+11,2
2.3983e+11,2
2.3983e+11,1
2.3993e+11,2
2.3993e+11,1
2.3993e+11,1
2.3993e+11,2
2.3993e+11,2
2.3993e+11,1
2.3993e+11,2
2.3993e+11,1
2.3993e+11,12
2.3993e+11,35
3.9923e+11,12
3.9923e+11,21
3.9923e+11,6
3.9923e+11,2
3.9923e+11,2
3.9923e+11,6
3.9924e+11,6
3.9924e+11,1
3.9924e+11,2
3.9924e+11,1
3.9924e+11,2
3.9924e+11,2
3.9924e+11,1
3.9924e+11,2
3.9924e+11,1
3.9924e+11,6
3.9924e+11,1
3.9924e+11,2
3.9924e+11,1
3.9924e+11,2
3.9924e+11,2
3.9924e+11,1
3.9924e+11,2
3.9924e+11,1
3.9925e+11,1
3.9925e+11,2
3.9925e+11,2
3.9925e+11,1
3.9925e+11,2
3.9925e+11,1
3.9925e+11,6
3.9925e+11,1
3.9925e+11,2
3.9925e+11,1
3.9925e+11,2
3.9925e+11,2
3.9925e+11,1
3.9925e+11,2
3.9925e+11,1
3.9925e+11,1
3.9925e+11,2
3.9925e+11,2
3.9925e+11,1
3.9925e+11,2
3.9925e+11,1
3.9925e+11,10
3.9925e+11,9
3.9925e+11,30
4.7907e+11,9
4.7907e+11,35
4.7907e+11,34
4.7907e+11,36
4.7923e+11,38
4.7923e+11,39
4.7923e+11,139
4.7923e+11,4
4.7923e+11,143
4.7923e+11,100
4.7923e+11,34
4.7923e+11,29
