22.3,1
58.043,2
170.92,2
203.29,1
260.94,2
305.35,1
481.14,3
743.08,1
807.97,2
901.57,1
959.71,2
1207.8,2
1308.6,1
1380.2,6
2835.8,1
2897.9,2
3015.6,2
3035.9,1
3062.9,2
3077.6,1
3102.2,3
4037.3,6
4080.6,1
4151.2,2
4373.9,2
4435.1,1
4538.6,2
4611.8,1
5340.6,3
5520.8,1
5594.1,2
5698.6,1
5761.2,2
5998.2,2
6079,1
6130.7,6
7155.1,9
11156,39
16961,9
18370,6
18444,1
18560,2
18904,2
18996,1
19151,2
19260,1
19532,3
20671,1
20789,2
20958,1
21058,2
21428,2
21547,1
21620,6
23277,3
23322,1
23349,2
23400,1
23438,2
23659,2
23777,1
26801,6
26965,1
27198,2
27787,2
27928,1
28158,2
28320,1
28990,3
29457,1
29577,2
29735,1
29824,2
30140,2
30242,1
30306,42
56080,1
56139,2
56319,2
56369,1
56458,2
56524,1
56778,3
57129,1
57211,2
57326,1
57396,2
57680,2
57788,1
57864,6
59082,1
59123,2
59199,2
59212,1
59229,2
59238,1
59253,3
59762,6
59783,1
59816,2
59915,2
59941,1
59985,2
60015,1
60282,3
60340,1
60363,2
60395,1
60413,2
60480,2
60502,1
60516,6
60749,9
61138,39
74871,42
74896,1
74935,2
75059,2
75095,1
75159,2
75208,1
75403,3
75694,1
75767,2
75871,1
75936,2
76214,2
76327,1
76407,6
78028,1
78097,2
78226,2
78248,1
78277,2
78294,1
78320,3
79325,6
79371,1
79445,2
79678,2
79741,1
79848,2
79924,1
80657,3
80833,1
80904,2
81005,1
81065,2
81289,2
81365,1
81413,6
82321,9
90740,39
92648,9
93405,6
93445,1
93507,2
93691,2
93740,1
93822,2
93880,1
94023,3
94614,1
94674,2
94759,1
94810,2
94995,2
95054,1
95090,6
95882,3
95903,1
95916,2
95939,1
95956,2
96057,2
96111,1
97383,6
97446,1
97535,2
97756,2
97807,1
97891,2
97949,1
98183,3
98340,1
98380,2
98432,1
98461,2
98563,2
98595,1
98615,42
1.0699e+05,81
1.2228e+05,363
