22.533,1
58.225,2
171,2
202.38,1
260.67,2
306.31,1
477.21,3
743.88,1
810.69,2
905.71,1
962.31,2
1211.2,2
1312.4,1
1385.4,6
2831.2,1
2894.9,2
3016,2
3036.4,1
3064.9,2
3080.5,1
3105.7,3
4041.6,6
4084.2,1
4153,2
4370.3,2
4428.3,1
4530.4,2
4603.4,1
5355.1,3
5526.1,1
5599.6,2
5703.3,1
5763,2
5996.8,2
6076.5,1
6128.2,6
7181.8,9
11075,39
16990,9
18441,6
18515,1
18630,2
18971,2
19059,1
19213,2
19323,1
19581,3
20759,1
20877,2
21044,1
21140,2
21502,2
21618,1
21690,6
23354,3
23401,1
23430,2
23483,1
23522,2
23751,2
23872,1
26890,6
27058,1
27293,2
27888,2
28026,1
28261,2
28429,1
29116,3
29574,1
29698,2
29859,1
29947,2
30265,2
30367,1
30432,42
56026,1
56086,2
56271,2
56322,1
56414,2
56484,1
56738,3
57106,1
57193,2
57313,1
57383,2
57676,2
57788,1
57867,6
59116,1
59160,2
59240,2
59254,1
59272,2
59282,1
59299,3
59825,6
59846,1
59879,2
59979,2
60005,1
60050,2
60081,1
60366,3
60423,1
60447,2
60480,1
60498,2
60567,2
60589,1
60604,6
60852,9
61250,39
75009,42
75033,1
75071,2
75192,2
75226,1
75288,2
75338,1
75522,3
75812,1
75885,2
75988,1
76050,2
76322,2
76433,1
76513,6
78087,1
78156,2
78286,2
78308,1
78338,2
78355,1
78382,3
79366,6
79410,1
79481,2
79703,2
79762,1
79865,2
79939,1
80679,3
80842,1
80912,2
81009,1
81065,2
81282,2
81354,1
81401,6
82310,9
91009,39
92821,9
93580,6
93619,1
93679,2
93857,2
93903,1
93983,2
94040,1
94173,3
94772,1
94832,2
94915,1
94962,2
95140,2
95196,1
95232,6
96015,3
96036,1
96049,2
96073,1
96091,2
96194,2
96248,1
97499,6
97563,1
97652,2
97871,2
97921,1
98005,2
98064,1
98301,3
98453,1
98494,2
98545,1
98573,2
98674,2
98706,1
98726,42
1.0735e+05,81
1.225e+05,363
