9.0181,1
5654.2,2
16960,2
22623,1
33881,1
33888,2
2.1225e+07,3
2.1225e+07,2
2.1225e+07,1
2.1238e+07,1
2.1245e+07,2
2.1259e+07,2
2.1265e+07,1
2.1266e+07,6
6.3717e+07,3
6.3717e+07,2
6.3717e+07,1
6.3739e+07,1
6.3751e+07,2
6.3773e+07,2
6.3785e+07,1
6.3785e+07,6
8.4882e+07,1
8.4899e+07,2
8.4933e+07,2
8.495e+07,1
8.4984e+07,1
8.4984e+07,2
8.4984e+07,3
8.5086e+07,9
1.2743e+08,2
1.2743e+08,1
1.2743e+08,1
1.2744e+08,2
1.2745e+08,2
1.2745e+08,1
1.2745e+08,6
7.98e+10,39
7.98e+10,6
7.98e+10,1
7.98e+10,2
7.98e+10,2
7.98e+10,1
7.98e+10,1
7.98e+10,2
7.9851e+10,9
7.9851e+10,3
7.9851e+10,2
7.9851e+10,1
7.9851e+10,1
7.9851e+10,2
7.9851e+10,2
7.9851e+10,1
7.9876e+10,6
7.9876e+10,1
7.9876e+10,2
7.9876e+10,2
7.9876e+10,1
7.9876e+10,1
7.9876e+10,2
7.9876e+10,3
7.9928e+10,6
7.9928e+10,1
7.9928e+10,2
7.9928e+10,2
7.9928e+10,1
7.9928e+10,1
7.9928e+10,2
7.9928e+10,3
7.9953e+10,2
7.9953e+10,1
7.9953e+10,1
7.9953e+10,2
7.9953e+10,2
7.9953e+10,1
7.9953e+10,42
2.394e+11,39
2.394e+11,6
2.394e+11,1
2.394e+11,2
2.394e+11,2
2.394e+11,1
2.394e+11,1
2.394e+11,2
2.3949e+11,9
2.3949e+11,3
2.3949e+11,2
2.3949e+11,1
2.3949e+11,1
2.3949e+11,2
2.3949e+11,2
2.3949e+11,1
2.3953e+11,6
2.3953e+11,1
2.3953e+11,2
2.3953e+11,2
2.3953e+11,1
2.3953e+11,1
2.3953e+11,2
2.3953e+11,3
2.3961e+11,6
2.3961e+11,1
2.3961e+11,2
2.3961e+11,2
2.3961e+11,1
2.3961e+11,1
2.3961e+11,2
2.3961e+11,3
2.3966e+11,2
2.3966e+11,1
2.3966e+11,1
2.3966e+11,2
2.3966e+11,2
2.3966e+11,1
2.3966e+11,42
3.1882e+11,1
3.1882e+11,2
3.1882e+11,2
3.1882e+11,1
3.1882e+11,1
3.1882e+11,2
3.1888e+11,3
3.1888e+11,2
3.1888e+11,1
3.1888e+11,1
3.1888e+11,2
3.1888e+11,2
3.1888e+11,1
3.1888e+11,6
3.1901e+11,3
3.1901e+11,2
3.1901e+11,1
3.1901e+11,1
3.1901e+11,2
3.1901e+11,2
3.1901e+11,1
3.1901e+11,6
3.1907e+11,1
3.1907e+11,2
3.1907e+11,2
3.1907e+11,1
3.1907e+11,1
3.1907e+11,2
3.1907e+11,3
3.1907e+11,9
3.192e+11,2
3.192e+11,1
3.192e+11,1
3.192e+11,2
3.192e+11,2
3.192e+11,1
3.192e+11,6
3.192e+11,39
3.1958e+11,80
3.1958e+11,7
4.7829e+11,6
4.7829e+11,1
4.7829e+11,2
4.7829e+11,2
4.7829e+11,1
4.7829e+11,1
4.7829e+11,2
4.7833e+11,9
4.7833e+11,3
4.7833e+11,2
4.7833e+11,1
4.7833e+11,1
4.7833e+11,2
4.7833e+11,2
4.7833e+11,1
4.7834e+11,6
4.7834e+11,1
4.7834e+11,2
4.7834e+11,2
4.7834e+11,1
4.7834e+11,1
4.7834e+11,2
4.7834e+11,3
4.7838e+11,5
4.7838e+11,5
4.7838e+11,1
4.7838e+11,2
4.7838e+11,2
4.7838e+11,1
4.7838e+11,1
4.7838e+11,2
4.7838e+11,3
4.7839e+11,2
4.7839e+11,1
4.7839e+11,1
4.7839e+11,2
4.7839e+11,2
4.7839e+11,1
4.7839e+11,40
4.7839e+11,41
4.788e+11,358
4.788e+11,362
