141.76,1
197.73,2
300.65,1
351.53,2
559.22,2
683.44,1
700.44,3
9726,1
10140,2
10959,2
11195,1
11741,2
12095,1
13489,6
17004,1
17413,2
18075,1
18377,2
19562,2
20369,1
22251,3
22346,1
22834,2
23357,2
23460,1
23652,2
23748,1
23972,6
37931,3
37935,1
37964,2
38016,2
38029,1
38057,2
38073,1
38113,6
46564,9
47720,39
6.4689e+05,9
6.737e+05,6
6.7383e+05,1
6.7389e+05,2
6.7398e+05,1
6.7402e+05,2
6.742e+05,2
6.7429e+05,1
6.7431e+05,3
7.2651e+05,6
7.2746e+05,1
7.2787e+05,2
7.2868e+05,1
7.2913e+05,2
7.3137e+05,2
7.3349e+05,1
7.339e+05,3
7.4231e+05,1
7.4603e+05,2
7.5162e+05,2
7.5308e+05,1
7.563e+05,2
7.5833e+05,1
7.7673e+05,6
7.8463e+05,1
7.867e+05,2
7.8995e+05,1
7.9137e+05,2
7.9643e+05,2
7.9905e+05,1
8.7787e+05,3
8.781e+05,1
8.7982e+05,2
8.828e+05,2
8.8355e+05,1
8.851e+05,2
8.8595e+05,1
8.8817e+05,42
1.0166e+06,1
1.0175e+06,2
1.0191e+06,1
1.0199e+06,2
1.023e+06,2
1.0248e+06,1
1.025e+06,3
1.1095e+06,1
1.1124e+06,2
1.118e+06,2
1.1196e+06,1
1.1233e+06,2
1.1256e+06,1
1.1345e+06,6
1.1558e+06,1
1.1582e+06,2
1.162e+06,1
1.1637e+06,2
1.1704e+06,2
1.1748e+06,1
1.1851e+06,3
1.1856e+06,1
1.1882e+06,2
1.191e+06,2
1.1915e+06,1
1.1925e+06,2
1.1931e+06,1
1.1942e+06,6
1.2662e+06,3
1.2662e+06,1
1.2664e+06,2
1.2667e+06,2
1.2667e+06,1
1.2669e+06,2
1.267e+06,1
1.2672e+06,6
1.3166e+06,9
1.4309e+06,39
1.4367e+06,9
1.4661e+06,6
1.4662e+06,1
1.4663e+06,2
1.4663e+06,1
1.4664e+06,2
1.4665e+06,2
1.4666e+06,1
1.4666e+06,3
1.4975e+06,6
1.4979e+06,1
1.4981e+06,2
1.4985e+06,1
1.4987e+06,2
1.4996e+06,2
1.5005e+06,1
1.5007e+06,3
1.504e+06,1
1.5054e+06,2
1.5074e+06,2
1.5079e+06,1
1.509e+06,2
1.5096e+06,1
1.5152e+06,6
1.5174e+06,1
1.5179e+06,2
1.5187e+06,1
1.5191e+06,2
1.5203e+06,2
1.5209e+06,1
1.5335e+06,3
1.5335e+06,1
1.5337e+06,2
1.5339e+06,2
1.534e+06,1
1.5341e+06,2
1.5342e+06,1
1.5344e+06,42
2.3372e+06,39
2.3374e+06,9
2.339e+06,6
2.339e+06,1
2.339e+06,2
2.339e+06,1
2.339e+06,2
2.339e+06,2
2.339e+06,1
2.339e+06,3
2.3418e+06,6
2.3419e+06,1
2.3419e+06,2
2.3419e+06,1
2.342e+06,2
2.3421e+06,2
2.3422e+06,1
2.3422e+06,3
2.3426e+06,1
2.3428e+06,2
2.343e+06,2
2.3431e+06,1
2.3432e+06,2
2.3433e+06,1
2.3441e+06,6
2.3444e+06,1
2.3445e+06,2
2.3446e+06,1
2.3447e+06,2
2.3448e+06,2
2.3449e+06,1
2.347e+06,3
2.347e+06,1
2.3471e+06,2
2.3471e+06,2
2.3471e+06,1
2.3471e+06,2
2.3472e+06,1
2.3472e+06,42
2.8015e+06,81
2.8619e+06,363
