10.253,1
114.3,2
342.81,2
471.64,1
638.02,1
648.95,2
6707.9,3
6761.9,2
6776.8,1
7005.6,1
7185.6,2
7510.8,2
7661.4,1
7676.4,6
21537,3
21589,2
21603,1
21851,1
22082,2
22625,2
22969,1
23008,6
27140,1
27645,2
28530,2
28947,1
29428,1
29457,2
29563,3
31644,9
42828,2
42839,1
43010,1
43146,2
43393,2
43508,1
43519,6
4.4254e+05,39
4.4604e+05,6
4.4605e+05,1
4.4621e+05,2
4.4653e+05,2
4.4671e+05,1
4.4694e+05,1
4.4695e+05,2
4.6181e+05,9
4.646e+05,3
4.6474e+05,2
4.6478e+05,1
4.6543e+05,1
4.6599e+05,2
4.6718e+05,2
4.6786e+05,1
4.7344e+05,6
4.735e+05,1
4.7396e+05,2
4.747e+05,2
4.7501e+05,1
4.7535e+05,1
4.7537e+05,2
4.7544e+05,3
4.9443e+05,6
4.9445e+05,1
4.9466e+05,2
4.9511e+05,2
4.9536e+05,1
4.9568e+05,1
4.957e+05,2
4.9577e+05,3
5.042e+05,2
5.0421e+05,1
5.0444e+05,1
5.0462e+05,2
5.0494e+05,2
5.0509e+05,1
5.051e+05,42
1.3642e+06,39
1.3673e+06,6
1.3673e+06,1
1.3675e+06,2
1.3678e+06,2
1.3679e+06,1
1.3681e+06,1
1.3682e+06,2
1.3829e+06,9
1.386e+06,3
1.3862e+06,2
1.3862e+06,1
1.387e+06,1
1.3876e+06,2
1.389e+06,2
1.3898e+06,1
1.3967e+06,6
1.3967e+06,1
1.3973e+06,2
1.3983e+06,2
1.3987e+06,1
1.3991e+06,1
1.3992e+06,2
1.3993e+06,3
1.4288e+06,6
1.4289e+06,1
1.4293e+06,2
1.4301e+06,2
1.4306e+06,1
1.4312e+06,1
1.4312e+06,2
1.4314e+06,3
1.4493e+06,2
1.4493e+06,1
1.4499e+06,1
1.4503e+06,2
1.4511e+06,2
1.4514e+06,1
1.4515e+06,42
1.6894e+06,1
1.6899e+06,2
1.691e+06,2
1.6915e+06,1
1.6923e+06,1
1.6924e+06,2
1.7179e+06,3
1.7181e+06,2
1.7181e+06,1
1.719e+06,1
1.7197e+06,2
1.721e+06,2
1.7215e+06,1
1.7216e+06,6
1.768e+06,3
1.7681e+06,2
1.7682e+06,1
1.7689e+06,1
1.7696e+06,2
1.7712e+06,2
1.7722e+06,1
1.7723e+06,6
1.784e+06,1
1.7854e+06,2
1.7878e+06,2
1.789e+06,1
1.7903e+06,1
1.7903e+06,2
1.7906e+06,3
1.7961e+06,9
1.8236e+06,2
1.8236e+06,1
1.824e+06,1
1.8243e+06,2
1.8249e+06,2
1.8251e+06,1
1.8252e+06,6
1.8312e+06,39
1.9486e+06,81
2.5548e+06,6
2.5548e+06,1
2.5549e+06,2
2.5551e+06,2
2.5552e+06,1
2.5553e+06,1
2.5553e+06,2
2.5643e+06,9
2.566e+06,3
2.5661e+06,2
2.5661e+06,1
2.5665e+06,1
2.5668e+06,2
2.5676e+06,2
2.568e+06,1
2.5714e+06,6
2.5714e+06,1
2.5717e+06,2
2.5722e+06,2
2.5724e+06,1
2.5726e+06,1
2.5726e+06,2
2.5726e+06,3
2.5843e+06,6
2.5843e+06,1
2.5844e+06,2
2.5847e+06,2
2.5849e+06,1
2.5851e+06,1
2.5851e+06,2
2.5851e+06,3
2.5903e+06,2
2.5903e+06,1
2.5905e+06,1
2.5906e+06,2
2.5908e+06,2
2.5909e+06,1
2.5909e+06,42
2.7285e+06,363
