73.199,1
116.47,2
214.05,1
235.01,2
363.27,2
451.18,1
476.02,3
3077.5,1
3289.7,2
3656.2,2
3725,1
4098,2
4306.3,1
4805.8,6
6698.2,1
6928.6,2
7361.3,1
7445.4,2
7939.6,2
8332.3,1
8510,3
8961.5,1
9202.8,2
9414.5,2
9442.9,1
9561.6,2
9608.8,1
9682.9,6
14764,3
14771,1
14799,2
14845,2
14853,1
14893,2
14912,1
14945,6
18543,9
19557,39
1.2259e+05,9
1.3071e+05,6
1.3079e+05,1
1.3084e+05,2
1.3093e+05,1
1.3095e+05,2
1.3106e+05,2
1.3113e+05,1
1.3115e+05,3
1.4464e+05,6
1.4486e+05,1
1.45e+05,2
1.4535e+05,1
1.4544e+05,2
1.4607e+05,2
1.4681e+05,1
1.4821e+05,3
1.4877e+05,1
1.5002e+05,2
1.5165e+05,2
1.5193e+05,1
1.534e+05,2
1.5419e+05,1
1.6126e+05,6
1.633e+05,1
1.6418e+05,2
1.658e+05,1
1.6611e+05,2
1.6777e+05,2
1.6876e+05,1
1.8376e+05,3
1.8394e+05,1
1.846e+05,2
1.8559e+05,2
1.8575e+05,1
1.8653e+05,2
1.8689e+05,1
1.875e+05,42
2.3724e+05,1
2.376e+05,2
2.3839e+05,1
2.3856e+05,2
2.3956e+05,2
2.4022e+05,1
2.4041e+05,3
2.5569e+05,1
2.5671e+05,2
2.5843e+05,2
2.5874e+05,1
2.6042e+05,2
2.6133e+05,1
2.6346e+05,6
2.7091e+05,1
2.7176e+05,2
2.7334e+05,1
2.7364e+05,2
2.754e+05,2
2.7677e+05,1
2.7738e+05,3
2.7892e+05,1
2.7973e+05,2
2.8044e+05,2
2.8054e+05,1
2.8093e+05,2
2.8109e+05,1
2.8134e+05,6
2.9762e+05,3
2.9764e+05,1
2.9773e+05,2
2.9788e+05,2
2.9791e+05,1
2.9804e+05,2
2.981e+05,1
2.9821e+05,6
3.1146e+05,9
3.174e+05,39
3.324e+05,9
3.4034e+05,6
3.4039e+05,1
3.4043e+05,2
3.4049e+05,1
3.405e+05,2
3.4058e+05,2
3.4062e+05,1
3.4063e+05,3
3.4726e+05,6
3.4734e+05,1
3.474e+05,2
3.4752e+05,1
3.4756e+05,2
3.4778e+05,2
3.4804e+05,1
3.4851e+05,3
3.487e+05,1
3.4909e+05,2
3.4959e+05,2
3.4967e+05,1
3.5009e+05,2
3.5031e+05,1
3.5205e+05,6
3.5249e+05,1
3.5267e+05,2
3.5299e+05,1
3.5305e+05,2
3.5336e+05,2
3.5354e+05,1
3.5562e+05,3
3.5564e+05,1
3.5571e+05,2
3.558e+05,2
3.5582e+05,1
3.559e+05,2
3.5593e+05,1
3.5598e+05,42
5.0945e+05,39
5.0966e+05,9
5.1044e+05,6
5.1045e+05,1
5.1045e+05,2
5.1046e+05,1
5.1046e+05,2
5.1047e+05,2
5.1048e+05,1
5.1048e+05,3
5.1172e+05,6
5.1174e+05,1
5.1175e+05,2
5.1178e+05,1
5.1179e+05,2
5.1185e+05,2
5.1191e+05,1
5.1203e+05,3
5.1208e+05,1
5.1218e+05,2
5.1232e+05,2
5.1234e+05,1
5.1246e+05,2
5.1253e+05,1
5.1306e+05,6
5.1321e+05,1
5.1327e+05,2
5.1338e+05,1
5.134e+05,2
5.1351e+05,2
5.1357e+05,1
5.1438e+05,3
5.1439e+05,1
5.1441e+05,2
5.1446e+05,2
5.1446e+05,1
5.1449e+05,2
5.1451e+05,1
5.1453e+05,42
6.0979e+05,81
6.3481e+05,363
