11.561,1
74.956,2
227.21,2
322.9,1
396.08,1
411.9,2
2300.6,3
2376.6,2
2399.1,1
2505.5,1
2649.9,2
2892.7,2
2998.8,1
3018.5,6
8097.8,3
8140.3,2
8154,1
8226.4,1
8350.9,2
8692.8,2
9013.1,1
9132.7,6
9769.7,1
10222,2
10862,2
11160,1
11358,1
11397,2
11527,3
12964,9
15954,2
15974,1
16068,1
16196,2
16410,2
16502,1
16519,6
90129,39
93015,6
93038,1
93163,2
93453,2
93626,1
93754,1
93781,2
97905,9
99928,3
1.0011e+05,2
1.0017e+05,1
1.0045e+05,1
1.0087e+05,2
1.0179e+05,2
1.0244e+05,1
1.0336e+05,6
1.0353e+05,1
1.04e+05,2
1.045e+05,2
1.0468e+05,1
1.0479e+05,1
1.0481e+05,2
1.0487e+05,3
1.1249e+05,6
1.1252e+05,1
1.1268e+05,2
1.1306e+05,2
1.1328e+05,1
1.1344e+05,1
1.1348e+05,2
1.136e+05,3
1.1655e+05,2
1.1657e+05,1
1.1669e+05,1
1.1684e+05,2
1.1708e+05,2
1.1718e+05,1
1.172e+05,42
2.947e+05,39
2.9608e+05,6
2.9609e+05,1
2.9616e+05,2
2.9631e+05,2
2.964e+05,1
2.9647e+05,1
2.9648e+05,2
2.9888e+05,9
3.0024e+05,3
3.0037e+05,2
3.0041e+05,1
3.0062e+05,1
3.0093e+05,2
3.0163e+05,2
3.0214e+05,1
3.0291e+05,6
3.0306e+05,1
3.0347e+05,2
3.0392e+05,2
3.0408e+05,1
3.0418e+05,1
3.042e+05,2
3.0426e+05,3
3.1392e+05,6
3.1397e+05,1
3.1427e+05,2
3.1497e+05,2
3.154e+05,1
3.1573e+05,1
3.158e+05,2
3.1604e+05,3
3.2449e+05,2
3.246e+05,1
3.2512e+05,1
3.2585e+05,2
3.2717e+05,2
3.278e+05,1
3.2792e+05,42
3.4353e+05,1
3.4425e+05,2
3.458e+05,2
3.4668e+05,1
3.473e+05,1
3.4744e+05,2
3.5866e+05,3
3.5901e+05,2
3.5912e+05,1
3.596e+05,1
3.6025e+05,2
3.613e+05,2
3.6175e+05,1
3.6183e+05,6
3.7854e+05,3
3.7865e+05,2
3.7869e+05,1
3.7888e+05,1
3.7922e+05,2
3.8012e+05,2
3.8095e+05,1
3.8126e+05,6
3.8286e+05,1
3.8396e+05,2
3.8548e+05,2
3.8618e+05,1
3.8663e+05,1
3.8672e+05,2
3.8701e+05,3
3.9017e+05,9
3.9616e+05,2
3.962e+05,1
3.9638e+05,1
3.9662e+05,2
3.9701e+05,2
3.9718e+05,1
3.9722e+05,6
4.0103e+05,39
4.4247e+05,81
5.2289e+05,6
5.229e+05,1
5.2298e+05,2
5.2315e+05,2
5.2325e+05,1
5.2333e+05,1
5.2334e+05,2
5.258e+05,9
5.2701e+05,3
5.2712e+05,2
5.2715e+05,1
5.2732e+05,1
5.2757e+05,2
5.2812e+05,2
5.2851e+05,1
5.2906e+05,6
5.2916e+05,1
5.2944e+05,2
5.2974e+05,2
5.2985e+05,1
5.2991e+05,1
5.2992e+05,2
5.2996e+05,3
5.3447e+05,6
5.3449e+05,1
5.3458e+05,2
5.348e+05,2
5.3493e+05,1
5.3503e+05,1
5.3505e+05,2
5.3512e+05,3
5.3684e+05,2
5.3685e+05,1
5.3692e+05,1
5.3701e+05,2
5.3714e+05,2
5.372e+05,1
5.3721e+05,42
5.894e+05,363
