50.963,1
89.783,2
190.92,1
200.28,2
303.83,2
382.02,1
417.41,3
1727.4,1
1885.3,2
2133.5,2
2158.9,1
2481.8,2
2642.9,1
2925.4,6
4416.2,1
4584.5,2
4926.1,1
4953.3,2
5223.2,2
5403.1,1
5481.5,3
6242.1,1
6311.4,2
6388.7,2
6395,1
6458.8,2
6481.1,1
6508.7,6
9627,3
9640.1,1
9672.8,2
9724,2
9729.1,1
9789,2
9814.3,1
9849.5,6
12361,9
13495,39
54124,9
58849,6
58920,1
58971,2
59091,1
59101,2
59204,2
59270,1
59297,3
66198,6
66265,1
66320,2
66476,1
66492,2
66682,2
66854,1
68797,3
69004,1
69484,2
70217,2
70291,1
71246,2
71727,1
76359,6
77327,1
77896,2
79074,1
79168,2
80115,2
80738,1
86694,3
86882,1
87303,2
87877,2
87930,1
88511,2
88739,1
89044,42
1.2219e+05,1
1.2241e+05,2
1.2297e+05,1
1.2303e+05,2
1.2358e+05,2
1.2398e+05,1
1.2416e+05,3
1.2985e+05,1
1.3044e+05,2
1.3133e+05,2
1.3142e+05,1
1.3253e+05,2
1.3307e+05,1
1.3398e+05,6
1.3831e+05,1
1.3876e+05,2
1.3965e+05,1
1.3972e+05,2
1.404e+05,2
1.4084e+05,1
1.4103e+05,3
1.4283e+05,1
1.4299e+05,2
1.4317e+05,2
1.4318e+05,1
1.4333e+05,2
1.4338e+05,1
1.4344e+05,6
1.4983e+05,3
1.4986e+05,1
1.4992e+05,2
1.5001e+05,2
1.5002e+05,1
1.5013e+05,2
1.5018e+05,1
1.5025e+05,6
1.5473e+05,9
1.5667e+05,39
1.7504e+05,9
1.7668e+05,6
1.767e+05,1
1.7671e+05,2
1.7675e+05,1
1.7675e+05,2
1.7678e+05,2
1.768e+05,1
1.7681e+05,3
1.7849e+05,6
1.7851e+05,1
1.7852e+05,2
1.7855e+05,1
1.7855e+05,2
1.7859e+05,2
1.7862e+05,1
1.7899e+05,3
1.7903e+05,1
1.7911e+05,2
1.7924e+05,2
1.7925e+05,1
1.7941e+05,2
1.7948e+05,1
1.8014e+05,6
1.8025e+05,1
1.8032e+05,2
1.8045e+05,1
1.8046e+05,2
1.8057e+05,2
1.8063e+05,1
1.8114e+05,3
1.8115e+05,1
1.8118e+05,2
1.8122e+05,2
1.8123e+05,1
1.8127e+05,2
1.8128e+05,1
1.813e+05,42
2.4762e+05,39
2.4787e+05,9
2.485e+05,6
2.4851e+05,1
2.4852e+05,2
2.4853e+05,1
2.4853e+05,2
2.4855e+05,2
2.4856e+05,1
2.4856e+05,3
2.4948e+05,6
2.4949e+05,1
2.495e+05,2
2.4952e+05,1
2.4952e+05,2
2.4955e+05,2
2.4957e+05,1
2.4982e+05,3
2.4985e+05,1
2.4991e+05,2
2.5e+05,2
2.5001e+05,1
2.5013e+05,2
2.5019e+05,1
2.5073e+05,6
2.5083e+05,1
2.5089e+05,2
2.5102e+05,1
2.5103e+05,2
2.5112e+05,2
2.5118e+05,1
2.5171e+05,3
2.5172e+05,1
2.5176e+05,2
2.518e+05,2
2.518e+05,1
2.5184e+05,2
2.5186e+05,1
2.5188e+05,42
2.9588e+05,81
3.1333e+05,363
