12.941,1
63.12,2
193.47,2
284.73,1
316.4,1
338.2,2
1332.9,3
1433.8,2
1465.4,1
1512.4,1
1654.9,2
1880.1,2
1974.6,1
1999.7,6
5182,3
5213.3,2
5224.9,1
5243.7,1
5316.5,2
5522.5,2
5719.1,1
6109.4,6
6262.5,1
6588.3,2
7102.8,2
7368.6,1
7449.9,1
7503,2
7663.9,3
8970.5,9
10066,2
10099,1
10149,1
10298,2
10526,2
10617,1
10641,6
40895,39
43877,6
43910,1
44034,2
44344,2
44549,1
44617,1
44663,2
46188,9
48058,3
48292,2
48370,1
48489,1
48879,2
49641,2
50128,1
50358,6
50950,1
51250,2
51566,2
51678,1
51706,1
51724,2
51773,3
56881,6
56923,1
57081,2
57460,2
57701,1
57781,1
57834,2
58006,3
59721,2
59759,1
59815,1
59975,2
60204,2
60292,1
60315,42
1.4378e+05,39
1.4453e+05,6
1.4454e+05,1
1.4457e+05,2
1.4466e+05,2
1.4472e+05,1
1.4474e+05,1
1.4476e+05,2
1.4525e+05,9
1.4595e+05,3
1.4604e+05,2
1.4607e+05,1
1.4612e+05,1
1.4629e+05,2
1.4663e+05,2
1.4686e+05,1
1.4698e+05,6
1.4728e+05,1
1.4744e+05,2
1.4762e+05,2
1.4768e+05,1
1.477e+05,1
1.4771e+05,2
1.4774e+05,3
1.5183e+05,6
1.5188e+05,1
1.5207e+05,2
1.5254e+05,2
1.5286e+05,1
1.5297e+05,1
1.5305e+05,2
1.533e+05,3
1.5676e+05,2
1.5688e+05,1
1.5705e+05,1
1.5759e+05,2
1.5855e+05,2
1.5901e+05,1
1.6533e+05,42
1.6548e+05,1
1.6603e+05,2
1.672e+05,2
1.679e+05,1
1.6813e+05,1
1.6828e+05,2
1.7342e+05,3
1.7383e+05,2
1.7396e+05,1
1.7415e+05,1
1.7471e+05,2
1.7555e+05,2
1.7589e+05,1
1.7598e+05,6
1.8497e+05,3
1.8504e+05,2
1.8507e+05,1
1.8511e+05,1
1.8528e+05,2
1.8576e+05,2
1.862e+05,1
1.8706e+05,6
1.8739e+05,1
1.8808e+05,2
1.8913e+05,2
1.8966e+05,1
1.8982e+05,1
1.8992e+05,2
1.9024e+05,3
1.9264e+05,9
1.9451e+05,2
1.9456e+05,1
1.9464e+05,1
1.9488e+05,2
1.9525e+05,2
1.9539e+05,1
1.9543e+05,6
1.9874e+05,39
2.2427e+05,81
2.4393e+05,6
2.4395e+05,1
2.4402e+05,2
2.4421e+05,2
2.4434e+05,1
2.4438e+05,1
2.4441e+05,2
2.4535e+05,9
2.465e+05,3
2.4664e+05,2
2.4669e+05,1
2.4676e+05,1
2.47e+05,2
2.4746e+05,2
2.4776e+05,1
2.4789e+05,6
2.4825e+05,1
2.4843e+05,2
2.4862e+05,2
2.4869e+05,1
2.487e+05,1
2.4871e+05,2
2.4874e+05,3
2.5171e+05,6
2.5174e+05,1
2.5183e+05,2
2.5204e+05,2
2.5218e+05,1
2.5222e+05,1
2.5225e+05,2
2.5235e+05,3
2.533e+05,2
2.5332e+05,1
2.5335e+05,1
2.5343e+05,2
2.5356e+05,2
2.5361e+05,1
2.5362e+05,42
2.8756e+05,363
