40.044,1
76.833,2
184.19,1
185.65,2
278.49,2
352.43,1
401.69,3
1223.5,1
1356.5,2
1554.8,2
1558.3,1
1862.1,2
2000.1,1
2192.1,6
3543,1
3678.5,2
3965.7,1
3968.9,2
4141,2
4244.7,1
4300.4,3
5240.4,1
5248.2,2
5258.1,2
5258.3,1
5269.3,2
5272.8,1
5276.4,6
7603.6,3
7625.9,1
7665.9,2
7727.8,2
7728.9,1
7816.5,2
7850.4,1
7889.5,6
9958.2,9
11331,39
33521,9
36990,6
37060,1
37121,2
37278,1
37280,2
37392,2
37464,1
37505,3
42100,6
42108,1
42115,2
42139,1
42139,2
42161,2
42178,1
44296,3
44427,1
44674,2
45088,2
45096,1
45804,2
46146,1
49868,6
50453,1
50885,2
51869,1
51880,2
52551,2
53015,1
56192,3
56404,1
56727,2
57143,2
57149,1
57646,2
57820,1
58012,42
85222,1
85381,2
85831,1
85837,2
86214,2
86505,1
86695,3
89511,1
89915,2
90497,2
90507,1
91352,2
91719,1
92215,6
95286,1
95560,2
96123,1
96129,2
96456,2
96650,1
96752,3
98376,1
98389,2
98405,2
98405,1
98423,2
98429,1
98435,6
1.0171e+05,3
1.0174e+05,1
1.0178e+05,2
1.0186e+05,2
1.0186e+05,1
1.0196e+05,2
1.02e+05,1
1.0205e+05,6
1.0421e+05,9
1.0535e+05,39
1.2394e+05,9
1.2409e+05,6
1.241e+05,1
1.241e+05,2
1.2411e+05,1
1.2411e+05,2
1.2411e+05,2
1.2411e+05,1
1.2411e+05,3
1.2428e+05,6
1.2428e+05,1
1.2428e+05,2
1.2428e+05,1
1.2428e+05,2
1.2428e+05,2
1.2428e+05,1
1.2435e+05,3
1.2435e+05,1
1.2436e+05,2
1.2437e+05,2
1.2437e+05,1
1.2439e+05,2
1.244e+05,1
1.2449e+05,6
1.2451e+05,1
1.2451e+05,2
1.2453e+05,1
1.2453e+05,2
1.2455e+05,2
1.2455e+05,1
1.246e+05,3
1.2461e+05,1
1.2461e+05,2
1.2462e+05,2
1.2462e+05,1
1.2462e+05,2
1.2463e+05,1
1.2463e+05,42
1.6426e+05,39
1.646e+05,9
1.652e+05,6
1.6522e+05,1
1.6523e+05,2
1.6525e+05,1
1.6526e+05,2
1.6528e+05,2
1.6529e+05,1
1.653e+05,3
1.6613e+05,6
1.6613e+05,1
1.6614e+05,2
1.6614e+05,1
1.6614e+05,2
1.6614e+05,2
1.6615e+05,1
1.6653e+05,3
1.6655e+05,1
1.6659e+05,2
1.6667e+05,2
1.6667e+05,1
1.6679e+05,2
1.6685e+05,1
1.6746e+05,6
1.6755e+05,1
1.6761e+05,2
1.6776e+05,1
1.6776e+05,2
1.6786e+05,2
1.6792e+05,1
1.6833e+05,3
1.6836e+05,1
1.684e+05,2
1.6844e+05,2
1.6844e+05,1
1.685e+05,2
1.6852e+05,1
1.6854e+05,42
1.959e+05,81
2.1071e+05,363
