14.389,1
58.293,2
179.94,2
274.8,1
276.18,1
304.67,2
948.1,3
1077.6,2
1119.3,1
1121.4,1
1271.4,2
1494.3,2
1585.4,1
1616.8,6
4068.3,3
4087.6,2
4095.7,1
4096.1,1
4134.8,2
4238.9,2
4319.5,1
4968.1,6
5054,1
5266,2
5699.1,2
5962.1,1
5965.5,1
6035.5,2
6241.9,3
7560.3,9
7759,2
7811,1
7813.5,1
7996.1,2
8246.9,2
8341.3,1
8372.7,6
25431,39
28764,6
28807,1
28935,2
29278,2
29530,1
29533,1
29605,2
29882,9
31769,3
32073,2
32177,1
32182,1
32574,2
33229,2
33555,1
33687,6
34703,1
34831,2
34997,2
35059,1
35059,1
35072,2
35103,3
39258,6
39314,1
39478,2
39883,2
40157,1
40161,1
40237,2
40477,3
41688,2
41743,1
41746,1
41928,2
42163,2
42248,1
42276,42
96633,39
97018,6
97024,1
97042,2
97092,2
97131,1
97131,1
97142,2
97186,9
97524,3
97585,2
97607,1
97608,1
97691,2
97840,2
97918,1
97950,6
98219,1
98255,2
98303,2
98321,1
98321,1
98325,2
98334,3
99997,6
1.0003e+05,1
1.0012e+05,2
1.0036e+05,2
1.0053e+05,1
1.0054e+05,1
1.0059e+05,2
1.0075e+05,3
1.0174e+05,2
1.0179e+05,1
1.0179e+05,1
1.0198e+05,2
1.0223e+05,2
1.0233e+05,1
1.1379e+05,42
1.1385e+05,1
1.1403e+05,2
1.1452e+05,2
1.1489e+05,1
1.1489e+05,1
1.15e+05,2
1.1719e+05,3
1.1759e+05,2
1.1772e+05,1
1.1772e+05,1
1.1817e+05,2
1.1881e+05,2
1.1906e+05,1
1.1915e+05,6
1.249e+05,3
1.2494e+05,2
1.2495e+05,1
1.2496e+05,1
1.2503e+05,2
1.2524e+05,2
1.2541e+05,1
1.2666e+05,6
1.2682e+05,1
1.2722e+05,2
1.28e+05,2
1.2846e+05,1
1.2846e+05,1
1.2859e+05,2
1.2894e+05,3
1.3107e+05,9
1.3137e+05,2
1.3145e+05,1
1.3145e+05,1
1.3172e+05,2
1.3209e+05,2
1.3223e+05,1
1.3228e+05,6
1.3562e+05,39
1.5532e+05,81
1.5804e+05,6
1.5807e+05,1
1.5816e+05,2
1.5838e+05,2
1.5855e+05,1
1.5855e+05,1
1.586e+05,2
1.5878e+05,9
1.6e+05,3
1.6019e+05,2
1.6026e+05,1
1.6026e+05,1
1.6051e+05,2
1.6092e+05,2
1.6112e+05,1
1.6121e+05,6
1.6183e+05,1
1.619e+05,2
1.6201e+05,2
1.6204e+05,1
1.6204e+05,1
1.6205e+05,2
1.6207e+05,3
1.6445e+05,6
1.6448e+05,1
1.6457e+05,2
1.6479e+05,2
1.6494e+05,1
1.6494e+05,1
1.6498e+05,2
1.6511e+05,3
1.6574e+05,2
1.6577e+05,1
1.6577e+05,1
1.6587e+05,2
1.6599e+05,2
1.6603e+05,1
1.6605e+05,42
1.9327e+05,363
