33.578,1
69.391,2
178.56,2
184.04,1
266.57,2
336.98,1
403.96,3
983.83,1
1100.8,2
1262.4,1
1274.3,2
1559.3,2
1683.5,1
1827.5,6
3136,1
3250,2
3488.9,2
3497.9,1
3610.5,2
3677.8,1
3723,3
4679.9,6
4691.8,1
4705.1,2
4747.1,2
4749.2,1
4780,2
4803.7,1
6592.9,3
6628.9,1
6677.7,2
6749.1,1
6754.4,2
6872.3,2
6916.1,1
6959.4,6
8770.2,9
10482,39
24875,9
27687,6
27759,1
27832,2
28028,2
28037,1
28157,2
28240,1
28301,3
31557,1
31603,2
31664,1
31668,2
31751,2
31777,1
31801,6
33787,3
33886,1
34033,2
34283,1
34303,2
34843,2
35106,1
38413,6
38815,1
39171,2
40015,2
40051,1
40550,2
40921,1
42907,3
43155,1
43420,2
43738,1
43759,2
44192,2
44337,1
44474,42
69269,1
69392,2
69759,2
69777,1
70044,2
70267,1
70473,3
72096,1
72393,2
72788,1
72817,2
73474,2
73748,1
74055,6
76455,1
76636,2
77003,2
77017,1
77184,2
77282,1
77347,3
78612,6
78627,1
78642,2
78693,2
78695,1
78732,2
78760,1
80580,3
80611,1
80653,2
80713,1
80718,2
80816,2
80852,1
80887,6
82134,9
82965,39
99636,42
99644,1
99651,2
99675,2
99677,1
99695,2
99710,1
99725,3
99856,1
99883,2
99920,1
99923,2
99989,2
1.0002e+05,1
1.0005e+05,6
1.0036e+05,1
1.0039e+05,2
1.0045e+05,2
1.0045e+05,1
1.0048e+05,2
1.005e+05,1
1.0051e+05,3
1.0074e+05,6
1.0074e+05,1
1.0075e+05,2
1.0076e+05,2
1.0076e+05,1
1.0076e+05,2
1.0077e+05,1
1.012e+05,3
1.012e+05,1
1.0121e+05,2
1.0123e+05,1
1.0123e+05,2
1.0126e+05,2
1.0127e+05,1
1.0128e+05,6
1.0166e+05,9
1.2779e+05,39
1.2826e+05,9
1.2889e+05,6
1.2891e+05,1
1.2892e+05,2
1.2897e+05,2
1.2897e+05,1
1.29e+05,2
1.2902e+05,1
1.2903e+05,3
1.2981e+05,1
1.2982e+05,2
1.2984e+05,1
1.2984e+05,2
1.2986e+05,2
1.2986e+05,1
1.2987e+05,6
1.3034e+05,3
1.3036e+05,1
1.3039e+05,2
1.3045e+05,1
1.3046e+05,2
1.3058e+05,2
1.3064e+05,1
1.3136e+05,6
1.3144e+05,1
1.3151e+05,2
1.3167e+05,2
1.3168e+05,1
1.3178e+05,2
1.3184e+05,1
1.3219e+05,3
1.3223e+05,1
1.3228e+05,2
1.3233e+05,1
1.3233e+05,2
1.324e+05,2
1.3242e+05,1
1.3244e+05,42
1.5209e+05,81
1.6593e+05,363
