15.901,1
56.315,2
174.04,2
251.05,1
276.02,1
286.39,2
751.16,3
913.43,2
928.49,1
965.72,1
1090.1,2
1316.2,2
1407.2,1
1445.4,6
3542.4,3
3549.6,2
3550.5,1
3552.9,1
3563.4,2
3595.8,2
3617.5,1
4442.3,6
4509.3,1
4665.1,2
5045.2,2
5255.9,1
5319.2,1
5344.9,2
5618.1,3
6623.9,2
6645.5,1
6698,1
6865.4,2
7011.4,9
7135.8,2
7232.6,1
7271.3,6
18656,39
22511,6
22563,1
22695,2
22865,9
23067,2
23299,1
23373,1
23403,2
24848,3
25254,2
25293,1
25388,1
25706,2
26291,2
26534,1
26639,6
27968,1
28004,2
28058,2
28075,1
28079,1
28081,2
28093,3
31814,6
31887,1
32061,2
32499,2
32743,1
32817,1
32846,2
33170,3
34118,2
34140,1
34192,1
34353,2
34601,2
34686,1
34720,42
76691,39
76818,6
76820,1
76826,2
76834,9
76843,2
76855,1
76858,1
76860,2
76940,3
76965,2
76967,1
76974,1
76995,2
77036,2
77054,1
77062,6
77173,1
77177,2
77182,2
77183,1
77183,1
77184,2
77185,3
77635,6
77647,1
77675,2
77748,2
77792,1
77805,1
77811,2
77872,3
78075,2
78080,1
78092,1
78131,2
78193,2
78215,1
91830,42
91872,1
91980,2
92290,2
92490,1
92554,1
92581,2
93732,3
94116,2
94151,1
94238,1
94526,2
95038,2
95240,1
95324,6
99488,3
99501,2
99503,1
99507,1
99526,2
99584,2
99623,1
1.0106e+05,6
1.0117e+05,1
1.0143e+05,2
1.0205e+05,2
1.0239e+05,1
1.0249e+05,1
1.0253e+05,2
1.0296e+05,3
1.0446e+05,2
1.0449e+05,1
1.0457e+05,1
1.0481e+05,2
1.0501e+05,9
1.0519e+05,2
1.0532e+05,1
1.0538e+05,6
1.0916e+05,39
1.2188e+05,6
1.2192e+05,1
1.2201e+05,2
1.2213e+05,9
1.2228e+05,2
1.2244e+05,1
1.2249e+05,1
1.2251e+05,2
1.235e+05,3
1.2377e+05,2
1.2379e+05,1
1.2385e+05,1
1.2406e+05,2
1.2444e+05,2
1.2459e+05,1
1.2466e+05,6
1.2548e+05,1
1.255e+05,2
1.2553e+05,2
1.2554e+05,1
1.2554e+05,1
1.2554e+05,2
1.2555e+05,3
1.2628e+05,81
1.2764e+05,6
1.2768e+05,1
1.2777e+05,2
1.28e+05,2
1.2812e+05,1
1.2816e+05,1
1.2817e+05,2
1.2833e+05,3
1.288e+05,2
1.2881e+05,1
1.2883e+05,1
1.2891e+05,2
1.2903e+05,2
1.2907e+05,1
1.2909e+05,42
1.5338e+05,363
