29.311,1
64.708,2
174.84,2
187.05,1
261.15,2
327.04,1
415.85,3
857.32,1
961.02,2
1096.7,1
1121.6,2
1392.5,2
1507.7,1
1622.6,6
2935.8,1
3033.6,2
3234,2
3249.7,1
3325.9,2
3371.8,1
3410.3,3
4359.4,6
4382.7,1
4411.7,2
4504.1,2
4514.2,1
4571.9,2
4616.2,1
6021.9,3
6077.9,1
6135.9,2
6216.6,1
6231.4,2
6381.5,2
6435.9,1
6483,6
8091.2,9
10242,39
20638,9
23010,6
23084,1
23170,2
23407,2
23431,1
23560,2
23653,1
23744,3
26157,1
26238,2
26344,1
26362,2
26533,2
26587,1
26631,6
28490,3
28569,1
28664,2
28823,1
28856,2
29281,2
29492,1
32599,6
32900,1
33207,2
33954,2
34024,1
34414,2
34719,1
36094,3
36387,1
36609,2
36863,1
36906,2
37294,2
37421,1
37528,42
61508,1
61609,2
61913,2
61946,1
62143,2
62314,1
62539,3
63565,1
63787,2
64068,1
64118,2
64644,2
64856,1
65061,6
67038,1
67163,2
67409,2
67428,1
67518,2
67572,1
67617,3
68606,6
68628,1
68655,2
68740,2
68749,1
68801,2
68841,1
69915,3
69952,1
69989,2
70040,1
70049,2
70141,2
70174,1
70202,6
70993,9
71652,39
86903,42
86917,1
86933,2
86985,2
86991,1
87026,2
87057,1
87099,3
87312,1
87363,2
87429,1
87441,2
87575,2
87632,1
87689,6
88349,1
88399,2
88500,2
88508,1
88546,2
88569,1
88589,3
89063,6
89075,1
89089,2
89134,2
89139,1
89168,2
89189,1
89854,3
89880,1
89906,2
89942,1
89948,2
90015,2
90039,1
90059,6
90706,9
1.0918e+05,39
1.0984e+05,9
1.1051e+05,6
1.1053e+05,1
1.1056e+05,2
1.1063e+05,2
1.1063e+05,1
1.1067e+05,2
1.107e+05,1
1.1073e+05,3
1.1146e+05,1
1.1149e+05,2
1.1152e+05,1
1.1152e+05,2
1.1157e+05,2
1.1159e+05,1
1.116e+05,6
1.1216e+05,3
1.1218e+05,1
1.1221e+05,2
1.1226e+05,1
1.1226e+05,2
1.1239e+05,2
1.1245e+05,1
1.1329e+05,6
1.1337e+05,1
1.1345e+05,2
1.1363e+05,2
1.1365e+05,1
1.1374e+05,2
1.1381e+05,1
1.1412e+05,3
1.1418e+05,1
1.1422e+05,2
1.1428e+05,1
1.1428e+05,2
1.1436e+05,2
1.1439e+05,1
1.1441e+05,42
1.2965e+05,81
1.433e+05,363
