17.475,1
55.789,2
171.53,2
233.38,1
275.25,2
282.19,1
635.52,3
824.65,1
834.67,2
897.7,1
1000,2
1231.2,2
1323.7,1
1369.5,6
3230.3,1
3242.4,2
3262.3,2
3267.8,1
3270.5,2
3270.8,1
3275.5,3
4184.6,6
4243,1
4366.4,2
4705.3,2
4869.2,1
4974.6,2
4991.8,1
5344.3,3
6005.3,1
6020.8,2
6115.1,1
6257.5,2
6536.4,2
6632.8,1
6677.5,6
6843.4,9
15120,39
19418,9
19643,6
19704,1
19836,2
20223,2
20423,1
20557,2
20579,1
21537,3
22065,1
22091,2
22252,1
22504,2
23033,2
23229,1
23322,6
24825,3
24833,1
24834,2
24839,1
24848,2
24882,2
24903,1
28349,6
28441,1
28628,2
29104,2
29317,1
29450,2
29471,1
29875,3
30652,1
30668,2
30762,1
30902,2
31166,2
31254,1
31294,42
66302,1
66314,2
66347,2
66365,1
66376,2
66378,1
66468,3
66511,1
66513,2
66527,1
66549,2
66594,2
66611,1
66620,6
66869,1
66870,2
66872,2
66873,1
66873,2
66873,1
66874,3
66951,6
66956,1
66965,2
66988,2
66998,1
67005,2
67006,1
67026,3
67059,1
67059,2
67064,1
67070,2
67081,2
67085,1
67087,6
67093,9
67171,39
81339,42
81374,1
81450,2
81680,2
81802,1
81885,2
81898,1
82584,3
82944,1
82963,2
83082,1
83274,2
83702,2
83872,1
83956,6
87147,1
87167,2
87199,2
87208,1
87212,2
87213,1
87220,3
88645,6
88734,1
88921,2
89427,2
89669,1
89823,2
89848,1
90357,3
91285,1
91307,2
91436,1
91631,2
92009,2
92139,1
92198,6
92419,9
96832,39
1.0443e+05,9
1.0459e+05,6
1.0464e+05,1
1.0474e+05,2
1.0502e+05,2
1.0516e+05,1
1.0526e+05,2
1.0527e+05,1
1.0593e+05,3
1.0629e+05,1
1.0631e+05,2
1.0641e+05,1
1.0658e+05,2
1.0691e+05,2
1.0704e+05,1
1.071e+05,6
1.08e+05,3
1.0801e+05,1
1.0801e+05,2
1.0801e+05,1
1.0802e+05,2
1.0804e+05,2
1.0805e+05,1
1.099e+05,6
1.0995e+05,1
1.1004e+05,2
1.1027e+05,2
1.1037e+05,1
1.1044e+05,2
1.1045e+05,1
1.1064e+05,3
1.1099e+05,1
1.1099e+05,2
1.1104e+05,1
1.111e+05,2
1.1121e+05,2
1.1125e+05,1
1.1127e+05,42
1.1283e+05,81
1.3434e+05,363
