26.289,1
61.606,2
172.77,2
191.72,1
259.29,2
319.15,1
433.76,3
789.32,1
880.17,2
997.77,1
1034.3,2
1295.5,2
1404.4,1
1499.9,6
2844.8,1
2929.4,2
3098.5,2
3117.6,1
3170.8,2
3202.7,1
3236,3
4180.4,6
4212.2,1
4256.2,2
4396.4,2
4419.5,1
4496.9,2
4556.2,1
5678,3
5762.7,1
5829,2
5919,1
5946.7,2
6129.4,2
6193.8,1
6243.6,6
7659.5,9
10344,39
18450,9
20468,6
20543,1
20640,2
20919,2
20962,1
21101,2
21204,1
21336,3
23183,1
23285,2
23420,1
23461,2
23708,2
23787,1
23843,6
25616,3
25681,1
25745,2
25850,1
25889,2
26230,2
26403,1
29424,6
29661,1
29935,2
30615,2
30712,1
31030,2
31281,1
32306,3
32652,1
32837,2
33049,1
33109,2
33466,2
33582,1
33668,42
57725,1
57809,2
58065,2
58108,1
58257,2
58387,1
58628,3
59319,1
59483,2
59689,1
59751,2
60179,2
60348,1
60492,6
62165,1
62252,2
62420,2
62438,1
62489,2
62520,1
62551,3
63341,6
63365,1
63397,2
63497,2
63514,1
63567,2
63608,1
64271,3
64314,1
64347,2
64391,1
64404,2
64490,2
64519,1
64541,6
65066,9
65611,39
80048,42
80066,1
80091,2
80168,2
80182,1
80229,2
80271,1
80352,3
80606,1
80671,2
80756,1
80782,2
80971,2
81051,1
81120,6
82108,1
82170,2
82294,2
82308,1
82346,2
82370,1
82394,3
83073,6
83096,1
83127,2
83226,2
83242,1
83296,2
83337,1
84091,3
84145,1
84188,2
84245,1
84262,2
84377,2
84417,1
84447,6
85247,9
99008,39
99944,9
1.0067e+05,6
1.0069e+05,1
1.0073e+05,2
1.0083e+05,2
1.0085e+05,1
1.009e+05,2
1.0094e+05,1
1.0099e+05,3
1.0168e+05,1
1.0172e+05,2
1.0177e+05,1
1.0179e+05,2
1.0188e+05,2
1.0191e+05,1
1.0193e+05,6
1.0257e+05,3
1.0259e+05,1
1.0261e+05,2
1.0265e+05,1
1.0266e+05,2
1.0278e+05,2
1.0284e+05,1
1.0383e+05,6
1.039e+05,1
1.0398e+05,2
1.0418e+05,2
1.0421e+05,1
1.043e+05,2
1.0437e+05,1
1.0465e+05,3
1.0474e+05,1
1.0478e+05,2
1.0484e+05,1
1.0485e+05,2
1.0494e+05,2
1.0497e+05,1
1.0499e+05,42
1.173e+05,81
1.3122e+05,363
