19.107,1
56.111,2
170.64,2
220.2,1
268.06,2
290.3,1
561.68,3
769.68,1
801.74,2
875.46,1
959.63,2
1196.6,2
1291.5,1
1345.7,6
3009.6,1
3044,2
3104.4,2
3118.6,1
3128.5,2
3132.1,1
3145.7,3
4065.5,6
4118.1,1
4219.3,2
4518.6,2
4640.4,1
4753.6,2
4805,1
5253.1,3
5667.6,1
5716.1,2
5822.2,1
5935,2
6208.7,2
6301.6,1
6350.4,6
6868.5,9
13081,39
17708,9
18411,6
18479,1
18608,2
18993,2
19154,1
19306,2
19376,1
19984,3
20663,1
20742,2
20918,1
21108,2
21584,2
21748,1
21833,6
23390,3
23414,1
23421,2
23438,1
23463,2
23570,2
23631,1
26845,6
26960,1
27162,2
27676,2
27862,1
28027,2
28099,1
28574,3
29213,1
29266,2
29382,1
29502,2
29784,2
29876,1
29924,42
60121,1
60153,2
60250,2
60291,1
60329,2
60347,1
60551,3
60693,1
60714,2
60762,1
60815,2
60955,2
61008,1
61037,6
61727,1
61738,2
61757,2
61761,1
61764,2
61765,1
61770,3
62014,6
62026,1
62048,2
62112,2
62136,1
62158,2
62168,1
62247,3
62311,1
62318,2
62333,1
62349,2
62385,2
62396,1
62402,6
62460,9
62677,39
76421,42
76452,1
76510,2
76692,2
76771,1
76847,2
76882,1
77311,3
77638,1
77688,2
77803,1
77934,2
78302,2
78448,1
78532,6
81009,1
81058,2
81145,2
81165,1
81179,2
81184,1
81204,3
82490,6
82562,1
82700,2
83104,2
83267,1
83417,2
83485,1
84072,3
84605,1
84666,2
84801,1
84943,2
85285,2
85400,1
85460,6
86093,9
91380,39
95896,9
96402,6
96450,1
96540,2
96807,2
96917,1
97020,2
97067,1
97470,3
97906,1
97955,2
98065,1
98184,2
98474,2
98573,1
98624,6
99517,3
99530,1
99534,2
99543,1
99557,2
99616,2
99649,1
1.0127e+05,6
1.0132e+05,1
1.0141e+05,2
1.0164e+05,2
1.0172e+05,1
1.018e+05,2
1.0183e+05,1
1.0203e+05,3
1.0229e+05,1
1.0232e+05,2
1.0236e+05,1
1.0241e+05,2
1.0252e+05,2
1.0256e+05,1
1.0258e+05,42
1.0703e+05,81
1.2535e+05,363
