24.039,1
59.493,2
171.59,2
197.28,1
259.49,2
312.02,1
455.86,3
755.45,1
833.32,2
937.43,1
985.05,2
1238.9,2
1343.2,1
1425,6
2819.1,1
2892,2
3034,2
3054.5,1
3092.3,2
3114.2,1
3143,3
4083.1,6
4121.4,1
4179.2,2
4363.3,2
4403.8,1
4496.3,2
4565.4,1
5466.7,3
5591.8,1
5663.8,2
5762,1
5806.1,2
6018.5,2
6091.8,1
6143.1,6
7364.1,9
10669,39
17370,9
19073,6
19148,1
19256,2
19571,2
19637,1
19785,2
19894,1
20086,3
21525,1
21640,2
21795,1
21864,2
22177,2
22277,1
22343,6
24051,3
24106,1
24148,2
24221,1
24260,2
24536,2
24679,1
27680,6
27874,1
28125,2
28753,2
28874,1
29142,2
29345,1
30154,3
30560,1
30711,2
30892,1
30967,2
31302,2
31409,1
31482,42
56190,1
56260,2
56476,2
56524,1
56639,2
56734,1
56986,3
57471,1
57590,2
57744,1
57813,2
58162,2
58297,1
58401,6
59831,1
59891,2
60005,2
60022,1
60051,2
60068,1
60090,3
60726,6
60748,1
60782,2
60886,2
60908,1
60958,2
60995,1
61413,3
61464,1
61492,2
61530,1
61546,2
61624,2
61649,1
61667,6
62019,9
62479,39
76452,42
76474,1
76506,2
76608,2
76631,1
76688,2
76736,1
76867,3
77144,1
77216,2
77313,1
77357,2
77594,2
77691,1
77768,6
79074,1
79142,2
79274,2
79293,1
79328,2
79348,1
79375,3
80231,6
80265,1
80316,2
80480,2
80515,1
80597,2
80657,1
81422,3
81525,1
81583,2
81662,1
81698,2
81866,2
81924,1
81964,6
82849,9
93462,39
94801,9
95558,6
95592,1
95640,2
95783,2
95813,1
95880,2
95930,1
96016,3
96662,1
96713,2
96781,1
96811,2
96949,2
96992,1
97021,6
97745,3
97768,1
97785,2
97815,1
97831,2
97943,2
98001,1
99131,6
99198,1
99285,2
99496,2
99536,1
99623,2
99688,1
99941,3
1.0006e+05,1
1.0011e+05,2
1.0016e+05,1
1.0018e+05,2
1.0028e+05,2
1.0031e+05,1
1.0033e+05,42
1.1047e+05,81
1.2496e+05,363
