20.794,1
56.979,2
170.59,2
210.12,1
263.43,2
298.64,1
511.92,3
745.78,1
796.78,2
881.13,1
950.26,2
1193.2,2
1291.1,1
1354.3,6
2888,1
2938.8,2
3032.1,2
3050.7,1
3069.2,2
3078.2,1
3098.3,3
4027.3,6
4074.9,1
4158.5,2
4417,2
4502.9,1
4613.8,2
4683.4,1
5269.2,3
5530,1
5597.9,2
5705.9,1
5789.7,2
6046.8,2
6133.8,1
6184.9,6
6996.8,9
11842,39
17010,9
18118,6
18189,1
18312,2
18680,2
18802,1
18959,2
19059,1
19447,3
20347,1
20457,2
20633,1
20771,2
21191,2
21329,1
21408,6
23019,3
23055,1
23071,2
23105,1
23139,2
23309,2
23403,1
26486,6
26625,1
26843,2
27397,2
27558,1
27757,2
27878,1
28447,3
28983,1
29074,2
29212,1
29315,2
29615,2
29711,1
29767,42
57093,1
57141,2
57286,2
57335,1
57400,2
57442,1
57687,3
57934,1
57986,2
58069,1
58135,2
58355,2
58439,1
58492,6
59494,1
59520,2
59566,2
59575,1
59584,2
59589,1
59598,3
59989,6
60006,1
60036,2
60124,2
60152,1
60187,2
60208,1
60372,3
60437,1
60453,2
60478,1
60497,2
60552,2
60569,1
60580,6
60722,9
61039,39
74684,42
74711,1
74758,2
74906,2
74958,1
75027,2
75073,1
75352,3
75657,1
75724,2
75834,1
75924,2
76242,2
76369,1
76451,6
78418,1
78481,2
78598,2
78621,1
78644,2
78656,1
78681,3
79819,6
79877,1
79977,2
80284,2
80386,1
80516,2
80597,1
81272,3
81566,1
81641,2
81761,1
81854,2
82135,2
82230,1
82285,6
83136,9
89890,39
92663,9
93361,6
93406,1
93482,2
93707,2
93781,1
93877,2
93937,1
94168,3
94692,1
94755,2
94855,1
94932,2
95166,2
95242,1
95285,6
96132,3
96151,1
96159,2
96176,1
96193,2
96279,2
96326,1
97745,6
97804,1
97895,2
98121,2
98186,1
98265,2
98313,1
98531,3
98731,1
98764,2
98814,1
98851,2
98958,2
98992,1
99011,42
1.057e+05,81
1.2208e+05,363
