21.4,1
57.381,2
170.69,2
207.16,1
262.27,2
301.44,1
498.31,3
742.93,1
799.84,2
887.93,1
952.4,2
1197.4,2
1296.5,1
1363,6
2861.9,1
2917.5,2
3021,2
3040.6,1
3062.4,2
3073.6,1
3095.6,3
4027.3,6
4073.2,1
4151.3,2
4395.2,2
4470.4,1
4578.7,2
4650.9,1
5292.8,3
5516.2,1
5587.3,2
5694.3,1
5769,2
6018.4,2
6102.9,1
6154.4,6
7057,9
11529,39
16937,9
18171,6
18244,1
18365,2
18724,2
18832,1
18990,2
19095,1
19429,3
20421,1
20536,2
20710,1
20832,2
21231,2
21361,1
21438,6
23068,3
23108,1
23128,2
23168,1
23204,2
23396,2
23500,1
26553,6
26702,1
26927,2
27495,2
27647,1
27859,2
27997,1
28604,3
29110,1
29213,2
29359,1
29456,2
29763,2
29861,1
29920,42
56534,1
56586,2
56746,2
56796,1
56870,2
56922,1
57173,3
57460,1
57524,2
57620,1
57688,2
57935,2
58029,1
58090,6
59184,1
59216,2
59274,2
59285,1
59297,2
59303,1
59315,3
59754,6
59773,1
59804,2
59898,2
59925,1
59964,2
59989,1
60192,3
60254,1
60273,2
60301,1
60320,2
60380,2
60400,1
60411,6
60589,9
60936,39
74600,42
74626,1
74670,2
74808,2
74852,1
74919,2
74967,1
75208,3
75508,1
75577,2
75685,1
75765,2
76065,2
76187,1
76269,6
78086,1
78152,2
78275,2
78298,1
78324,2
78338,1
78364,3
79448,6
79501,1
79590,2
79866,2
79950,1
80071,2
80151,1
80853,3
81091,1
81166,2
81279,1
81357,2
81615,2
81701,1
81754,6
82640,9
90030,39
92399,9
93130,6
93173,1
93243,2
93452,2
93515,1
93605,2
93665,1
93855,3
94408,1
94471,2
94565,1
94631,2
94844,2
94913,1
94953,6
95780,3
95799,1
95809,2
95829,1
95846,2
95939,2
95989,1
97346,6
97406,1
97497,2
97721,2
97780,1
97861,2
97914,1
98138,3
98320,1
98356,2
98407,1
98440,2
98545,2
98578,1
98598,42
1.0599e+05,81
1.2187e+05,363
