28.713,1
64.076,2
174.39,2
187.77,1
260.63,2
325.58,1
418.6,3
842.19,1
943.65,2
1075.8,1
1102.7,2
1371.7,2
1485.7,1
1596.6,6
2913.7,1
3009.1,2
3203.6,2
3220.1,1
3291.5,2
3334.6,1
3372.1,3
4320.3,6
4345.3,1
4377,2
4477.9,2
4489.9,1
4551.5,2
4598.7,1
5949.2,3
6009.6,1
6069.1,2
6151.5,1
6168.2,2
6324.1,2
6380.3,1
6427.9,6
8002.5,9
10239,39
20147,9
22453,6
22527,1
22614,2
22859,2
22886,1
23017,2
23112,1
23209,3
25508,1
25593,2
25705,1
25727,2
25912,2
25971,1
26017,6
27858,3
27935,1
28023,2
28171,1
28205,2
28614,2
28818,1
31903,6
32191,1
32492,2
33225,2
33301,1
33676,2
33971,1
35271,3
35573,1
35788,2
36034,1
36079,2
36461,2
36586,1
36689,42
60630,1
60728,2
61023,2
61058,1
61245,2
61409,1
61636,3
62591,1
62802,2
63067,1
63120,2
63626,2
63830,1
64023,6
65941,1
66057,2
66288,2
66307,1
66388,2
66437,1
66479,3
67430,6
67452,1
67480,2
67569,2
67579,1
67632,2
67672,1
68658,3
68695,1
68732,2
68781,1
68791,2
68882,2
68914,1
68941,6
69676,9
70312,39
85388,42
85403,1
85421,2
85477,2
85484,1
85521,2
85555,1
85603,3
85825,1
85878,2
85949,1
85963,2
86107,2
86168,1
86228,6
86946,1
86999,2
87105,2
87114,1
87153,2
87177,1
87197,3
87709,6
87723,1
87739,2
87793,2
87799,1
87832,2
87857,1
88545,3
88575,1
88604,2
88643,1
88651,2
88726,2
88752,1
88774,6
89453,9
1.0695e+05,39
1.0765e+05,9
1.0833e+05,6
1.0835e+05,1
1.0838e+05,2
1.0846e+05,2
1.0846e+05,1
1.085e+05,2
1.0853e+05,1
1.0856e+05,3
1.0929e+05,1
1.0932e+05,2
1.0935e+05,1
1.0936e+05,2
1.0942e+05,2
1.0944e+05,1
1.0945e+05,6
1.1002e+05,3
1.1004e+05,1
1.1007e+05,2
1.1011e+05,1
1.1012e+05,2
1.1025e+05,2
1.1031e+05,1
1.1118e+05,6
1.1125e+05,1
1.1133e+05,2
1.1151e+05,2
1.1153e+05,1
1.1163e+05,2
1.117e+05,1
1.12e+05,3
1.1206e+05,1
1.1211e+05,2
1.1216e+05,1
1.1217e+05,2
1.1225e+05,2
1.1228e+05,1
1.123e+05,42
1.2695e+05,81
1.4062e+05,363
