16.111,1
65.237,2
247.78,1
296.02,2
309.26,1
329.66,2
451.84,1
911.56,2
995.34,1
1224.8,2
2384.7,2
2586.3,1
2645.9,1
2647.4,2
2687.7,2
2893.3,1
3991.5,1
3993.3,2
4003.9,2
4013.2,1
4057.3,3
4347,1
4377.6,2
4418.8,1
4424,2
4480.4,2
4519.6,1
5142.3,1
5142.5,2
5143.3,2
5144,1
5591.2,3
7236.3,1
7924.8,2
8123.3,2
8123.4,1
8125.3,2
8129.8,1
8139.3,1
8139.4,2
8139.7,2
8140,1
8147.2,3
8160.2,1
8255.8,2
9119.5,9
11249,2
15112,1
21465,3
24092,1
27967,6
30249,2
39268,2
44289,1
48080,6
49315,1
50588,2
51382,2
51576,1
65074,3
80413,3
80413,6
1.1306e+05,3
1.1306e+05,1
1.1306e+05,14
1.1408e+05,1
1.1893e+05,2
1.2714e+05,3
1.2999e+05,2
1.3791e+05,1
1.4756e+05,6
1.5674e+05,1
1.6331e+05,2
1.7123e+05,2
1.7425e+05,1
1.7571e+05,6
1.8258e+05,18
1.873e+05,3
2.1813e+05,9
3.7307e+05,1
3.7309e+05,2
3.7311e+05,2
3.7312e+05,1
3.7374e+05,1
3.7403e+05,2
3.7462e+05,2
3.7492e+05,1
5.6302e+05,1
5.6305e+05,2
5.6307e+05,2
5.6307e+05,1
5.6363e+05,1
5.6388e+05,2
5.6444e+05,2
5.6474e+05,1
5.7207e+05,6
6.1374e+05,3
6.1397e+05,6
6.1416e+05,6
6.1421e+05,3
6.1677e+05,1
6.1767e+05,2
6.197e+05,2
6.2001e+05,3
6.2096e+05,1
6.2259e+05,6
6.2395e+05,1
6.2408e+05,2
6.2417e+05,2
6.242e+05,1
6.278e+05,6
6.3036e+05,3
6.3043e+05,1
6.3121e+05,2
6.3246e+05,2
6.3299e+05,1
7.251e+05,1
7.2511e+05,2
7.2511e+05,2
7.2511e+05,1
7.2516e+05,1
7.2519e+05,2
7.2524e+05,2
7.2527e+05,1
7.8836e+05,6
1.145e+06,3
1.145e+06,6
1.145e+06,6
1.145e+06,3
1.1452e+06,1
1.1453e+06,2
1.1454e+06,2
1.1454e+06,1
1.1455e+06,1
1.1455e+06,2
1.1455e+06,2
1.1456e+06,1
1.1456e+06,3
1.1458e+06,6
1.1463e+06,6
1.1464e+06,1
1.1464e+06,2
1.1465e+06,2
1.1465e+06,1
1.1466e+06,3
1.1477e+06,1
1.1477e+06,2
1.1477e+06,2
1.1477e+06,1
1.1477e+06,1
1.1477e+06,2
1.1478e+06,2
1.1478e+06,1
1.1487e+06,6
1.2858e+06,36
3.0266e+06,3
3.0266e+06,3
3.9433e+06,12
6.7793e+06,12
9.1754e+06,6
1.1338e+07,3
1.1338e+07,6
1.1338e+07,6
1.1338e+07,3
1.1338e+07,1
1.1338e+07,2
1.1338e+07,2
1.1338e+07,1
1.1338e+07,1
1.1338e+07,2
1.1338e+07,2
1.1338e+07,1
1.1338e+07,1
1.1338e+07,2
1.1338e+07,2
1.1338e+07,1
1.5941e+07,3
1.5941e+07,6
1.5941e+07,6
1.5941e+07,3
1.5941e+07,6
1.5941e+07,3
1.5941e+07,6
1.5941e+07,6
1.5941e+07,6
1.5941e+07,3
1.5941e+07,6
1.5941e+07,12
1.5941e+07,6
1.7927e+07,6
2.0806e+07,12
2.4775e+07,12
2.5744e+07,9
2.5744e+07,15
2.5744e+07,3
2.5744e+07,5
2.5744e+07,10
2.5744e+07,6
2.5744e+07,6
2.5744e+07,15
2.5744e+07,26
2.6409e+07,6
3.0757e+07,36
8.6537e+07,6
8.657e+07,12
8.6597e+07,12
8.6604e+07,6
8.7422e+07,6
8.7785e+07,12
8.852e+07,12
8.8881e+07,6
1.6144e+08,6
1.6144e+08,12
1.6145e+08,12
1.6145e+08,6
1.6152e+08,6
1.6156e+08,12
1.6163e+08,12
1.6167e+08,6
1.813e+08,36
1.5987e+09,6
1.5987e+09,12
1.5987e+09,12
1.5987e+09,6
2.2476e+09,6
2.2476e+09,12
2.2476e+09,12
2.2476e+09,6
2.2476e+09,6
2.2476e+09,12
2.2476e+09,12
2.2476e+09,6
3.6299e+09,6
3.6299e+09,12
3.6299e+09,12
3.6299e+09,6
3.6299e+09,6
3.6299e+09,12
3.6299e+09,12
3.6299e+09,6
4.3367e+09,36
