17.127,1
66.054,2
194.91,1
225.08,2
372.1,2
381.94,1
640.42,2
647.01,1
713.11,2
908.78,1
1589.1,1
1603.3,2
1836.7,1
1898.1,2
2123.6,1
2217,2
2235.4,1
2323.6,2
2518.2,2
2564.5,1
3070.2,1
3249.1,2
3786.7,2
3911,1
3935.6,2
3941.7,1
3966.5,2
4218.8,1
4325.6,3
6154.8,1
6260.5,2
6385.3,2
6417.8,1
7076.9,1
7077.1,2
7357.7,2
7361.3,1
7450.7,1
7453.6,2
8437.3,1
8473.6,3
8848.7,2
9676.1,2
10106,1
11477,1
11500,2
11598,2
11732,1
12927,1
13260,2
13677,2
13829,1
13948,1
13948,2
14231,2
14231,1
14232,1
14232,2
15297,6
16553,3
16560,1
16561,2
16569,2
16570,1
17049,3
17420,2
17420,1
17422,3
17969,1
17975,2
17990,2
17997,1
19085,3
19453,9
20585,3
21377,1
21697,2
22479,2
23148,1
23515,1
23848,2
24028,2
24073,1
25954,6
26715,3
26715,3
27891,1
28221,2
28811,2
29081,1
34053,2
34053,1
34082,1
34082,2
34417,2
34417,1
35104,3
35123,1
35123,2
39613,3
40733,3
40748,1
40748,2
40755,3
40766,3
40767,3
40840,3
42370,1
42410,2
42506,2
42565,1
43630,1
43652,2
43742,2
43973,1
43974,1
44374,2
44782,2
44953,3
44957,1
46690,4
46690,4
46759,1
46775,2
46802,2
46813,1
47730,6
47975,3
50841,6
57167,3
57169,3
57169,3
57169,3
57169,3
57169,3
60861,3
62608,6
63145,1
63183,2
63259,2
63297,1
65480,6
66695,12
83697,1
83710,2
83737,2
83750,1
85393,1
85394,2
85396,2
85396,1
85409,1
85413,2
85424,2
85430,1
91785,6
91785,3
91785,2
91785,1
99318,6
1.0148e+05,3
1.0155e+05,6
1.0162e+05,6
1.0164e+05,3
1.0214e+05,3
1.0225e+05,1
1.0227e+05,2
1.0231e+05,2
1.0232e+05,6
1.0233e+05,1
1.0246e+05,1
1.0246e+05,2
1.0247e+05,2
1.0247e+05,1
1.0277e+05,6
1.0303e+05,3
1.0332e+05,1
1.0333e+05,2
1.0335e+05,2
1.0336e+05,1
1.0454e+05,1
1.0454e+05,2
1.0454e+05,2
1.0454e+05,1
1.0455e+05,1
1.0455e+05,2
1.0456e+05,2
1.0456e+05,1
1.1451e+05,6
1.1672e+05,36
1.2351e+05,6
1.6029e+05,1
1.6029e+05,2
1.6029e+05,2
1.6029e+05,1
1.6029e+05,1
1.6029e+05,2
1.6029e+05,2
1.6029e+05,1
2.0424e+05,1
2.0426e+05,2
2.0429e+05,2
2.0429e+05,1
2.0439e+05,1
2.0442e+05,2
2.0451e+05,2
2.0457e+05,1
2.0608e+05,3
2.0626e+05,1
2.0636e+05,2
2.0637e+05,6
2.0655e+05,2
2.0664e+05,1
2.0694e+05,6
2.0722e+05,3
2.1056e+05,1
2.1058e+05,2
2.1059e+05,2
2.106e+05,1
2.1068e+05,1
2.1071e+05,2
2.1077e+05,2
2.1081e+05,1
2.3766e+05,1
2.3767e+05,2
2.3769e+05,2
2.377e+05,1
2.4421e+05,3
2.4425e+05,6
2.4428e+05,6
2.4429e+05,3
2.4436e+05,1
2.4438e+05,2
2.444e+05,2
2.4441e+05,1
2.4449e+05,3
2.445e+05,1
2.4453e+05,2
2.4453e+05,6
2.4455e+05,6
2.4457e+05,2
2.4458e+05,1
2.4459e+05,1
2.4459e+05,2
2.446e+05,2
2.446e+05,1
2.446e+05,1
2.4461e+05,2
2.4467e+05,2
2.447e+05,6
2.4475e+05,1
2.4478e+05,3
2.4498e+05,1
2.4507e+05,2
2.4518e+05,2
2.4523e+05,1
2.6972e+05,6
2.8014e+05,12
2.8638e+05,12
2.8785e+05,6
3.4299e+05,3
3.43e+05,6
3.43e+05,6
3.43e+05,3
3.43e+05,1
3.43e+05,2
3.43e+05,2
3.43e+05,1
3.43e+05,1
3.43e+05,2
3.43e+05,2
3.43e+05,4
3.4301e+05,6
3.4301e+05,6
3.4301e+05,1
3.4301e+05,2
3.4301e+05,3
3.4301e+05,2
3.4301e+05,1
3.4302e+05,6
3.4302e+05,1
3.4302e+05,2
3.4302e+05,2
3.4302e+05,1
3.4302e+05,6
3.6517e+05,6
3.7565e+05,12
3.9288e+05,12
4.0017e+05,42
6.089e+05,6
6.0932e+05,12
6.0973e+05,12
6.0983e+05,6
6.1281e+05,6
6.1391e+05,12
6.1664e+05,12
6.1818e+05,6
7.003e+05,36
1.2365e+06,6
1.2382e+06,12
1.2416e+06,12
1.2433e+06,6
1.4653e+06,6
1.4655e+06,12
1.4657e+06,12
1.4658e+06,6
1.4669e+06,6
1.4673e+06,12
1.4682e+06,12
1.4687e+06,6
2.058e+06,6
2.058e+06,12
2.058e+06,12
2.058e+06,6
2.058e+06,6
2.058e+06,12
2.0581e+06,12
2.0581e+06,6
2.401e+06,36
