20.721,1
57.641,2
227.28,2
247.32,1
306.65,1
352.07,2
519.07,1
796.97,2
1299.2,2
1457.2,1
1627.4,1
1772.1,2
1857.1,1
1857.1,2
1910.5,2
1912.3,1
2129.8,3
2378.9,1
2380.4,2
2712.6,2
3000.6,1
3086.9,1
3093.2,2
3592.5,2
3715.9,1
3728,2
3926.2,1
4343.2,1
4371.1,2
4550.4,2
4654.3,1
4658,1
4659.3,2
4687.3,2
4882.7,3
5636.9,1
6488.9,1
6572.9,2
6573,1
6590.6,2
6591.8,1
6593.9,2
6608.3,1
6610.1,2
6610.2,1
6611.2,2
6623.2,3
6828.8,1
7280.5,9
9166.3,2
9847.8,1
9847.9,2
12238,2
12475,1
12475,3
12475,2
14344,1
14827,1
15758,2
16171,2
16271,1
22142,6
35345,3
39997,1
41654,2
42166,3
43788,3
43790,2
43790,1
43790,1
43790,2
45282,2
47432,1
58786,6
61496,3
61497,1
61497,2
61497,3
61497,3
61497,4
61497,3
66267,1
66699,2
66865,2
66893,1
66967,1
66967,2
66968,2
66968,1
68717,1
71073,2
76255,2
76674,6
77286,6
79176,1
86189,3
93230,1
93527,2
93768,2
93828,1
99252,3
99252,15
1.0291e+05,1
1.0579e+05,2
1.1193e+05,2
1.166e+05,1
1.172e+05,3
1.1763e+05,6
1.1797e+05,6
1.1805e+05,3
1.1857e+05,9
1.2285e+05,1
1.2682e+05,2
1.3128e+05,2
1.3312e+05,1
1.3612e+05,1
1.362e+05,2
1.3627e+05,2
1.3629e+05,1
1.3846e+05,3
1.4295e+05,6
1.489e+05,1
1.4934e+05,2
1.4989e+05,6
1.5008e+05,2
1.504e+05,1
1.5274e+05,3
1.675e+05,1
1.675e+05,2
1.675e+05,2
1.675e+05,1
1.6762e+05,1
1.6768e+05,2
1.678e+05,2
1.6786e+05,1
1.7578e+05,6
2.3647e+05,1
2.3649e+05,3
2.3651e+05,2
2.3651e+05,6
2.3652e+05,6
2.3652e+05,3
2.366e+05,2
2.3666e+05,1
2.3675e+05,1
2.3676e+05,2
2.3677e+05,2
2.3677e+05,1
2.3694e+05,3
2.3714e+05,6
2.374e+05,1
2.3744e+05,2
2.375e+05,2
2.3752e+05,1
2.3757e+05,6
2.3779e+05,3
2.3794e+05,1
2.3794e+05,2
2.3794e+05,2
2.3794e+05,1
2.3797e+05,1
2.3799e+05,2
2.3803e+05,2
2.3805e+05,1
2.3843e+05,6
2.621e+05,36
3.5452e+05,1
3.5452e+05,2
3.5452e+05,2
3.5452e+05,1
4.491e+05,1
4.491e+05,4
4.491e+05,3
4.491e+05,1
4.491e+05,2
4.491e+05,2
4.491e+05,1
7.9711e+05,12
1.2724e+06,6
1.518e+06,6
1.5762e+06,3
1.5763e+06,6
1.5763e+06,6
1.5764e+06,1
1.5764e+06,2
1.5764e+06,2
1.5764e+06,1
1.5764e+06,6
1.5764e+06,3
1.5764e+06,1
1.5764e+06,2
1.5764e+06,2
1.5764e+06,1
2.1163e+06,12
2.2138e+06,3
2.2139e+06,6
2.2139e+06,6
2.2139e+06,3
2.2139e+06,1
2.2139e+06,2
2.2139e+06,2
2.2139e+06,1
2.2139e+06,1
2.2139e+06,2
2.2139e+06,3
2.2139e+06,3
2.2139e+06,6
2.2139e+06,6
2.2139e+06,1
2.2139e+06,2
2.2139e+06,2
2.2139e+06,1
2.2139e+06,3
2.2139e+06,6
2.2139e+06,6
2.2139e+06,1
2.2139e+06,2
2.2139e+06,2
2.2139e+06,1
2.7823e+06,12
3.1028e+06,6
3.5731e+06,3
3.5731e+06,6
3.5731e+06,9
3.5731e+06,5
3.5731e+06,5
3.5731e+06,9
3.5731e+06,6
3.5731e+06,6
3.5731e+06,6
3.5731e+06,12
3.5731e+06,6
3.5731e+06,8
4.2192e+06,6
4.2346e+06,12
4.2467e+06,12
4.2498e+06,6
4.2685e+06,36
4.9844e+06,6
5.146e+06,12
5.396e+06,12
5.4986e+06,6
8.5138e+06,6
8.5143e+06,12
8.5147e+06,12
8.5148e+06,6
8.5298e+06,6
8.5371e+06,12
8.5525e+06,12
8.5606e+06,6
9.4356e+06,36
5.6745e+07,6
5.6746e+07,12
5.6748e+07,12
5.6749e+07,6
7.9699e+07,6
7.9699e+07,12
7.9699e+07,12
7.9699e+07,6
7.9699e+07,6
7.9699e+07,12
7.97e+07,12
7.97e+07,6
1.2863e+08,6
1.2863e+08,12
1.2863e+08,12
1.2863e+08,6
1.2863e+08,6
1.2863e+08,12
1.2863e+08,12
1.2863e+08,6
1.5366e+08,36
