14.127,1
67.635,2
202.34,2
226.63,1
296.36,2
350.42,1
1032.2,2
1086.2,1
1186.4,1
1192.9,2
1465.6,1
1609.6,2
1723.6,2
1730.3,1
2123,1
2188.4,2
2432.8,2
2600.6,1
3528.8,2
3540.4,1
3550.8,1
3576.1,2
3988.5,1
3992.3,2
5206.4,2
5216.6,1
5432.6,1
5458.1,2
5571.9,1
5659,2
5825.9,2
5896,1
6610.5,3
6666.5,3
6717.2,1
6717.3,2
7686.8,1
7792.3,2
8051.1,2
8212.7,1
10230,1
10285,2
10334,2
10346,1
10706,1
10815,2
11042,2
11151,1
13221,6
19647,2
19647,1
19677,1
19677,2
19849,1
19849,2
19942,2
19943,1
20480,3
22008,3
28241,3
30016,2
30016,1
30067,3
31176,1
31177,2
31257,2
31257,1
31396,3
32215,1
32250,2
32319,2
32353,1
34887,1
34889,2
34916,2
34917,1
37545,3
39189,3
39191,3
39425,1
39429,2
39438,2
39443,1
39449,1
39450,2
39451,2
39451,1
40960,6
43947,1
43980,2
44020,3
44020,3
44047,2
44080,1
46897,3
56482,6
58792,1
58793,2
58823,2
58823,1
59215,3
59219,2
59219,1
59300,3
59962,1
59995,2
60003,1
60004,2
60063,2
60091,1
60168,1
60168,2
60177,2
60190,1
62139,1
62198,2
62306,2
62355,1
62450,1
62452,2
62457,2
62460,1
62789,1
62790,2
62793,2
62795,1
69926,1
69926,2
70267,2
70267,1
71372,3
74695,2
74695,1
74712,1
74712,2
74853,1
74853,2
74950,2
74950,1
75072,3
75090,6
75632,9
78331,1
78341,2
78362,2
78377,1
78402,1
78408,2
78415,2
78417,1
87981,1
87991,2
88012,2
88023,1
88041,1
88042,2
88043,2
88044,1
88730,3
89546,3
89552,3
90225,1
90233,2
90249,2
90257,1
90904,3
90904,3
91467,3
93794,6
94878,3
96443,3
96444,3
1.0098e+05,3
1.0198e+05,3
1.0198e+05,3
1.0198e+05,3
1.0198e+05,3
1.0198e+05,3
1.1834e+05,3
1.1835e+05,3
1.1836e+05,3
1.1836e+05,3
1.1836e+05,3
1.1836e+05,3
1.1843e+05,1
1.1843e+05,2
1.1843e+05,2
1.1843e+05,1
1.1843e+05,1
1.1843e+05,2
1.1843e+05,2
1.1843e+05,1
1.186e+05,6
1.1995e+05,1
1.1998e+05,2
1.2004e+05,2
1.2007e+05,1
1.2128e+05,3
1.2176e+05,1
1.2176e+05,2
1.2177e+05,2
1.2177e+05,1
1.2204e+05,3
1.2204e+05,3
1.2307e+05,6
1.2337e+05,3
1.2436e+05,1
1.2441e+05,2
1.245e+05,2
1.2454e+05,1
1.2615e+05,3
1.2672e+05,6
1.2848e+05,6
1.2965e+05,12
1.4206e+05,1
1.4219e+05,2
1.4251e+05,2
1.4282e+05,1
1.4304e+05,1
1.4324e+05,2
1.4336e+05,2
1.4338e+05,1
1.439e+05,1
1.4399e+05,2
1.4417e+05,2
1.4425e+05,1
1.4956e+05,1
1.4956e+05,2
1.4956e+05,2
1.4956e+05,1
1.4956e+05,1
1.4956e+05,2
1.4956e+05,2
1.4956e+05,1
1.5014e+05,6
1.5126e+05,36
1.7744e+05,1
1.7745e+05,2
1.7746e+05,2
1.7746e+05,1
1.7909e+05,1
1.7909e+05,2
1.7909e+05,2
1.7909e+05,1
1.791e+05,1
1.791e+05,2
1.791e+05,2
1.791e+05,1
1.8181e+05,1
1.8181e+05,2
1.8181e+05,2
1.8181e+05,1
1.8181e+05,1
1.8181e+05,2
1.8181e+05,2
1.8181e+05,1
1.8293e+05,6
1.8573e+05,3
1.8722e+05,6
1.8975e+05,1
1.8975e+05,2
1.8976e+05,2
1.8976e+05,1
1.9041e+05,6
1.9148e+05,6
1.9231e+05,3
1.9337e+05,1
1.9337e+05,2
1.9337e+05,2
1.9337e+05,1
2.0023e+05,3
2.0095e+05,6
2.016e+05,6
2.0176e+05,3
2.0196e+05,1
2.0196e+05,2
2.0196e+05,2
2.0196e+05,1
2.0299e+05,6
2.0364e+05,3
2.0395e+05,6
2.0396e+05,12
2.0402e+05,6
2.0488e+05,6
2.0491e+05,1
2.0491e+05,2
2.0491e+05,2
2.0491e+05,1
2.0531e+05,3
2.3665e+05,3
2.3667e+05,6
2.3668e+05,1
2.3668e+05,2
2.3668e+05,2
2.3668e+05,1
2.3669e+05,6
2.367e+05,3
2.3672e+05,6
2.3672e+05,1
2.3672e+05,2
2.3672e+05,2
2.3672e+05,1
2.3672e+05,1
2.3672e+05,2
2.3672e+05,2
2.3672e+05,1
2.3672e+05,3
2.3672e+05,3
2.3675e+05,3
2.3676e+05,6
2.3679e+05,1
2.3679e+05,2
2.3679e+05,2
2.3679e+05,1
2.368e+05,6
2.3682e+05,3
2.4256e+05,6
2.4409e+05,6
2.4409e+05,8
2.4409e+05,5
2.4614e+05,9
2.4614e+05,11
2.4674e+05,6
2.523e+05,6
2.5343e+05,12
2.5697e+05,12
2.5931e+05,42
3.0253e+05,36
3.7145e+05,6
3.7443e+05,12
3.8083e+05,12
3.8461e+05,6
4.0045e+05,6
4.019e+05,12
4.032e+05,12
4.0351e+05,6
4.0728e+05,6
4.0804e+05,12
4.0976e+05,12
4.1062e+05,6
4.733e+05,6
4.7334e+05,12
4.7338e+05,12
4.7339e+05,6
4.7351e+05,6
4.7353e+05,12
4.736e+05,12
4.7364e+05,6
5.1862e+05,36
