26.477,1
56.654,2
203.64,2
220.22,1
393.47,1
444.3,2
539.47,1
768.79,2
1365.4,2
1553.9,1
1673.9,1
1740.7,2
1974.8,2
1991.5,1
1996.3,2
2004.2,1
2152.7,2
2168.8,3
2879.6,1
3556.1,2
3558,1
4240,1
4367.3,2
4380.1,1
5080.3,2
5646,2
5761,1
5766.8,1
5934.5,2
6148.1,2
6192.1,1
7088.8,1
7411.9,2
7807.2,2
7809,1
7823,1
7827.6,2
8185.8,3
8612.7,2
9458.2,1
10017,3
10334,1
10338,2
10342,1
10349,2
10420,1
10425,2
10427,1
10429,2
10466,3
10477,1
10499,2
11281,9
11329,1
11462,2
11492,1
11498,2
11540,1
11629,2
11827,2
11891,1
18383,3
18383,3
26106,1
26777,2
27486,3
28071,2
28697,1
35681,1
35688,2
35694,2
35696,1
35822,1
35890,2
36080,2
36209,1
38306,3
39038,6
47618,3
47625,1
47625,2
47627,2
47627,1
50329,6
59043,1
60354,2
63423,2
65310,6
65602,1
66769,2
66769,1
66772,2
66772,1
66772,2
66772,3
66773,1
66774,2
66774,1
66775,2
66776,1
69520,1
70311,2
70869,2
71007,1
72596,3
80350,1
82018,2
84540,3
85267,2
85342,6
85919,6
86060,3
86966,1
1.0231e+05,1
1.0343e+05,2
1.0532e+05,2
1.0618e+05,1
1.0746e+05,1
1.0753e+05,2
1.0757e+05,2
1.0759e+05,1
1.0766e+05,3
1.0766e+05,10
1.0766e+05,2
1.0766e+05,2
1.0766e+05,1
1.286e+05,9
1.3075e+05,3
1.3394e+05,6
1.3507e+05,1
1.3515e+05,2
1.3535e+05,2
1.3547e+05,1
1.3918e+05,6
1.4056e+05,1
1.4056e+05,2
1.4056e+05,2
1.4056e+05,1
1.4116e+05,1
1.4141e+05,3
1.4143e+05,2
1.4193e+05,2
1.4216e+05,1
1.4734e+05,6
1.8031e+05,1
1.8031e+05,2
1.8031e+05,2
1.8031e+05,1
1.8641e+05,1
1.8641e+05,2
1.8641e+05,2
1.8641e+05,1
1.8654e+05,1
1.866e+05,2
1.8673e+05,2
1.868e+05,1
1.8701e+05,3
1.8702e+05,6
1.8703e+05,6
1.8703e+05,3
1.8742e+05,3
1.8762e+05,6
1.878e+05,1
1.8781e+05,2
1.8781e+05,2
1.8781e+05,1
1.8788e+05,1
1.8792e+05,2
1.8806e+05,6
1.8806e+05,2
1.8817e+05,1
1.8829e+05,3
1.8839e+05,6
1.8954e+05,1
1.8976e+05,2
1.901e+05,2
1.9025e+05,1
2.0305e+05,36
2.0732e+05,1
2.0732e+05,2
2.0732e+05,2
2.0732e+05,1
2.0736e+05,1
2.0738e+05,2
2.0741e+05,2
2.0743e+05,1
3.3089e+05,6
3.3089e+05,1
3.3089e+05,2
3.3089e+05,2
3.3089e+05,1
4.9476e+05,6
6.8951e+05,6
8.5687e+05,3
8.5695e+05,6
8.5711e+05,6
8.5712e+05,1
8.5712e+05,2
8.5712e+05,2
8.5712e+05,1
8.5714e+05,1
8.5714e+05,2
8.5715e+05,2
8.5715e+05,1
8.5719e+05,3
8.5728e+05,1
8.5728e+05,2
8.5729e+05,2
8.573e+05,1
9.0592e+05,6
9.0592e+05,1
9.0592e+05,2
9.0592e+05,2
9.0592e+05,1
1.1756e+06,6
1.1756e+06,1
1.1756e+06,2
1.1756e+06,2
1.1756e+06,1
1.2018e+06,3
1.2018e+06,6
1.2018e+06,6
1.2018e+06,3
1.2018e+06,1
1.2018e+06,2
1.2018e+06,2
1.2018e+06,3
1.2018e+06,1
1.2019e+06,1
1.2019e+06,2
1.2019e+06,2
1.2019e+06,1
1.2019e+06,6
1.2019e+06,6
1.2019e+06,1
1.2019e+06,6
1.2019e+06,2
1.2019e+06,2
1.2019e+06,1
1.2019e+06,3
1.2019e+06,1
1.2019e+06,2
1.2019e+06,2
1.2019e+06,1
1.2019e+06,1
1.2019e+06,2
1.2019e+06,2
1.2019e+06,1
1.3067e+06,6
1.5217e+06,6
1.5362e+06,12
1.5465e+06,12
1.5491e+06,6
1.9379e+06,3
1.9379e+06,6
1.9379e+06,9
1.9379e+06,6
1.9379e+06,3
1.9379e+06,6
1.9379e+06,6
1.9379e+06,6
1.9379e+06,3
1.9379e+06,6
1.9379e+06,12
1.9379e+06,6
2.3148e+06,36
2.3535e+06,6
2.4109e+06,12
2.5053e+06,12
2.5454e+06,6
3.3662e+06,6
3.3663e+06,12
3.3665e+06,12
3.3665e+06,6
3.3736e+06,6
3.3772e+06,12
3.385e+06,12
3.3892e+06,6
3.655e+06,36
1.5424e+07,6
1.5425e+07,12
1.5428e+07,12
1.5429e+07,6
2.1633e+07,6
2.1633e+07,12
2.1633e+07,12
2.1633e+07,6
2.1633e+07,6
2.1633e+07,12
2.1634e+07,12
2.1634e+07,6
3.4883e+07,6
3.4883e+07,12
3.4883e+07,12
3.4883e+07,6
3.4883e+07,6
3.4883e+07,12
3.4883e+07,12
3.4883e+07,6
4.1667e+07,36
