16.815,1
55.879,2
172.3,2
240.05,1
279.26,3
676.88,3
860.24,3
918.81,1
1029.8,2
1258.6,2
1350.4,1
1393,6
3364.9,12
4269.6,6
4331,1
4466.2,2
4821.6,2
5004.2,1
5103.6,3
5429.2,3
6225.6,3
6312.2,1
6465.8,2
6742.8,2
6839.7,1
6882.1,15
16341,39
20570,15
20628,1
20761,2
21143,2
21358,1
21480,3
22630,3
23116,3
23266,1
23545,2
24096,2
24309,1
24407,6
25888,12
29474,6
29558,1
29740,2
30199,2
30425,1
30545,3
30926,3
31774,3
31860,1
32008,2
32265,2
32352,1
32390,42
70312,120
84798,42
84835,1
84922,2
85180,2
85328,1
85413,3
86262,3
86642,3
86762,1
86988,2
87448,2
87629,1
87713,6
91299,12
92781,6
92878,1
93091,2
93643,2
93921,1
94072,3
94558,3
95708,3
95830,1
96044,2
96427,2
96559,1
96617,15
1.0085e+05,39
1.1031e+05,15
1.1035e+05,1
1.1044e+05,2
1.1072e+05,2
1.1088e+05,1
1.1096e+05,3
1.1176e+05,3
1.1208e+05,3
1.1218e+05,1
1.1237e+05,2
1.1272e+05,2
1.1286e+05,1
1.1292e+05,6
1.1382e+05,12
1.1579e+05,6
1.1584e+05,1
1.1593e+05,2
1.1616e+05,2
1.1627e+05,1
1.1633e+05,3
1.1651e+05,3
1.1691e+05,3
1.1695e+05,1
1.1702e+05,2
1.1713e+05,2
1.1717e+05,1
1.1719e+05,123
1.4062e+05,363
