20.759,1
46.983,2
125.81,2
219.88,1
259.54,1
261.49,2
261.92,1
353.68,2
525.08,1
527.81,2
582.85,2
619.65,1
795.7,1
803.31,2
1398.6,1
1408.3,2
1445.4,2
1465.5,1
1496.3,1
1502.8,2
1646.9,3
1833.3,2
1868.6,1
1918.7,1
1996.1,2
2093.2,2
2130,1
2795.8,2
2796.9,1
2921.9,6
3231.6,6
3303.4,1
3305.6,2
3310.5,2
3313.1,1
3446.2,2
3447,1
3580.9,1
3581.2,2
4444.4,1
4451.5,2
4462,2
4464.7,1
4482.2,1
4482.3,2
4485.7,2
4489.1,1
6266.5,1
6310,2
6393.6,2
6428.3,1
6579.8,1
6586.6,2
6617.8,2
6631.8,6
6650.7,1
7122.6,1
7124.2,2
7129.5,2
7134.4,1
7246.8,1
7250.7,2
7267.7,2
7297.7,1
7426.3,1
7540.5,2
7707.7,2
7734.3,6
7787.3,1
7976.9,1
7995.2,2
8131,2
8138.9,1
9646.6,1
9664.1,2
9696.8,2
9712,1
9809.5,2
9810.5,1
9848.4,1
9848.9,2
13218,3
13845,3
13872,6
13936,1
13936,2
13936,2
13936,1
13936,1
13936,2
13939,2
13939,1
14103,1
14105,2
14109,2
14114,1
14115,1
14118,2
14130,2
14132,1
14237,1
14244,2
14262,2
14268,1
15127,6
15204,1
15205,2
15206,2
15207,1
15207,1
15207,2
15208,2
15208,1
16072,1
16104,2
16178,2
16225,1
16529,6
16573,1
16582,2
16590,2
16593,1
16749,1
16799,2
16895,2
16944,1
17098,1
17103,2
17107,2
17109,1
17119,3
17121,2
17121,1
17374,1
17388,2
17412,2
17423,1
17436,1
17438,2
17439,2
17439,1
17531,3
17589,6
17659,6
17752,1
17752,2
17752,2
17752,1
17753,3
17753,5
18055,1
18058,2
18065,2
18068,1
19389,3
19848,3
20767,36
23825,3
23950,3
24797,1
24799,2
24803,2
24805,1
25854,6
25937,1
25938,2
25939,2
25940,1
25942,1
25942,2
25944,2
25945,1
26105,1
26106,2
26107,2
26108,1
26110,1
26110,2
26112,2
26112,1
26190,6
26764,3
26880,3
29448,1
29448,2
29449,2
29450,1
33243,3
33640,3
34830,12
34831,6
39791,3
39990,3
40141,3
42903,3
42903,3
43757,3
43776,3
46406,3
50764,36
51408,6
51409,7
51409,9
51409,3
51409,3
51409,3
51409,2
51409,1
51409,1
51409,2
51409,2
51409,1
51410,3
51410,3
51410,1
51410,2
51410,3
51410,6
51410,12
51410,6
52285,3
52867,3
58101,3
83233,3
83613,3
83616,3
83652,6
84609,3
84655,3
85076,18
85353,3
86982,3
87025,3
87505,6
89267,6
90764,3
91209,3
91233,3
92801,3
93065,3
98424,6
98431,12
98445,12
98451,6
99172,3
99608,3
99928,3
1.0206e+05,6
1.0242e+05,3
1.0257e+05,3
1.0264e+05,3
1.0444e+05,3
1.0456e+05,3
1.0554e+05,3
1.0561e+05,18
1.0584e+05,6
1.0596e+05,3
1.065e+05,3
1.0651e+05,3
1.0667e+05,3
1.0668e+05,3
1.246e+05,36
1.488e+05,3
1.5069e+05,3
1.5074e+05,3
1.5512e+05,3
1.5567e+05,3
1.5567e+05,3
1.5613e+05,6
1.5667e+05,3
1.5667e+05,3
1.5714e+05,3
2.0897e+05,3
2.0897e+05,3
2.0898e+05,3
2.0898e+05,3
2.0899e+05,3
2.5742e+05,3
3.0458e+05,36
3.0736e+05,18
3.0805e+05,6
3.0806e+05,6
3.0806e+05,6
3.0845e+05,3
3.0845e+05,3
3.0845e+05,3
3.0846e+05,3
3.0846e+05,3
3.0846e+05,3
3.0846e+05,3
3.0846e+05,3
3.0846e+05,3
3.0846e+05,3
3.0846e+05,3
3.0846e+05,3
3.0936e+05,6
3.0936e+05,6
3.0936e+05,6
3.0945e+05,18
5.1046e+05,6
5.1046e+05,9
5.2503e+05,3
5.388e+05,3
5.388e+05,3
5.9054e+05,3
5.9059e+05,6
5.9063e+05,6
5.9067e+05,6
5.9071e+05,3
6.1238e+05,3
6.3367e+05,15
7.4761e+05,9
9.368e+05,3
1.8275e+06,9
1.8442e+06,15
1.8484e+06,3
1.8556e+06,6
1.8562e+06,3
1.8567e+06,15
