17.999,1
40.577,2
105.13,2
169.19,1
231.17,1
264.8,2
277.19,1
299.63,2
407.01,1
411.28,2
439.04,2
457.07,1
1092.4,1
1093.9,2
1101.5,1
1112,2
1153.4,2
1158.3,1
1168.9,2
1182,1
1623,1
1628.7,2
1940.9,6
2093.3,1
2106.9,2
2134.1,2
2147.4,1
2449.8,6
2468.4,3
2851,1
2867.8,2
2911.1,2
2939.8,1
3105.6,1
3115.9,2
3188.3,1
3193.1,2
3225.1,1
3229.2,2
3245.9,2
3254.2,1
3353.6,1
3353.7,2
4410.2,1
4414.4,2
4428.4,6
4432.6,2
4437.9,1
4449.8,1
4449.9,2
4464.3,1
4465.3,2
4719.7,1
4720.9,2
4727.1,2
4729,1
4733.6,1
4734.3,2
4741.6,1
4741.6,2
4924.6,6
6358.5,2
6358.6,1
7417.8,1
7418.4,2
7419.7,2
7420.3,1
8944.3,3
9541.8,6
9554.1,1
9554.6,2
9555.9,2
9556.6,1
9610.6,2
9614.4,1
9623,1
9623.2,2
9623.3,1
9631,2
9640.2,2
9643.1,1
9674.2,2
9674.5,1
9842.2,1
9844.4,2
9862.3,1
9880,2
9944,2
10019,1
10039,1
10051,2
10055,1
10099,2
10157,6
10189,1
10190,2
10191,2
10191,1
10198,1
10198,2
10199,1
10200,2
10271,1
10283,6
10295,2
10355,2
10386,1
11136,2
11141,1
11204,1
11218,2
11328,1
11336,2
11364,2
11382,1
11641,1
11655,2
11680,2
11695,1
11708,2
11710,1
11710,1
11715,2
11738,1
11739,2
11741,2
11742,1
11808,1
11808,2
11809,3
11811,1
11811,2
11812,2
11813,1
11856,6
12801,36
14752,6
14756,12
20417,6
20489,1
20490,2
20491,2
20492,1
20494,1
20494,2
20494,2
20494,1
20642,1
20643,2
20645,2
20645,1
20647,1
20647,2
20648,2
20648,1
20723,6
21500,1
21501,2
21505,2
21506,1
24760,3
25778,3
28753,3
29596,3
33985,1
33985,2
33985,2
33985,1
41625,36
41989,6
41989,12
41989,3
41989,5
41989,5
41990,1
41990,1
41990,8
41990,2
41990,2
41990,6
41990,3
41990,2
41990,1
41990,3
41990,5
41990,6
41990,1
41990,2
41990,2
41990,1
45610,3
55470,3
55708,3
57569,3
67010,6
67897,3
74687,3
76077,3
78769,18
88043,3
88872,3
1.0407e+05,3
1.0493e+05,3
1.0497e+05,3
1.0706e+05,6
1.1138e+05,3
1.1141e+05,3
1.1573e+05,3
1.978e+05,3
1.9782e+05,3
2.1233e+05,6
2.1233e+05,12
2.1234e+05,12
2.1234e+05,6
2.2319e+05,18
2.2385e+05,6
2.2423e+05,3
2.2455e+05,3
2.2613e+05,3
2.2647e+05,3
2.3018e+05,3
2.3064e+05,3
2.3254e+05,6
2.3411e+05,3
2.3502e+05,3
2.3869e+05,3
2.3955e+05,3
2.3957e+05,3
2.4164e+05,3
2.4306e+05,3
2.4591e+05,3
2.5748e+05,6
2.6219e+05,6
2.6225e+05,3
2.6231e+05,3
2.6648e+05,3
2.6933e+05,18
2.7386e+05,3
2.7483e+05,3
2.7589e+05,3
2.7706e+05,6
2.7748e+05,3
2.7756e+05,3
2.7861e+05,3
3.0083e+05,36
3.4668e+05,3
3.4675e+05,3
3.4675e+05,3
3.4684e+05,3
3.4685e+05,3
4.7979e+05,3
4.8162e+05,3
4.8162e+05,3
4.8337e+05,6
4.8522e+05,3
4.8522e+05,3
4.87e+05,3
7.034e+05,3
7.0341e+05,3
7.9865e+05,3
9.7819e+05,36
9.8262e+05,18
9.8465e+05,6
9.8465e+05,6
9.8466e+05,6
9.8675e+05,3
9.8675e+05,6
9.8675e+05,3
9.8675e+05,3
9.8675e+05,3
9.8676e+05,3
9.8676e+05,3
9.8676e+05,3
9.8676e+05,3
9.8676e+05,3
9.8677e+05,3
9.8772e+05,6
9.8773e+05,6
9.8773e+05,6
9.8824e+05,18
1.8511e+06,12
1.8511e+06,9
2.5159e+06,3
4.9898e+06,3
4.9899e+06,6
4.9899e+06,6
4.9899e+06,6
4.9899e+06,3
5.2449e+06,15
5.4647e+06,3
5.9806e+06,6
6.1614e+06,3
6.3292e+06,15
7.0696e+06,9
1.1359e+07,3
2.2987e+07,9
2.3092e+07,15
2.3139e+07,3
2.318e+07,6
2.3212e+07,3
2.3224e+07,15
