33.612,1
69.43,2
178.59,2
184.03,1
266.62,2
337.06,1
403.91,3
984.97,1
1102.1,2
1263.8,1
1275.7,2
1560.7,2
1685.1,1
1829.3,6
3137.9,1
3251.9,2
3491.2,2
3500.2,1
3613,2
3680.5,1
3725.7,3
4682.7,6
4694.6,1
4707.7,2
4749.4,2
4751.5,1
4782.1,2
4805.6,1
6597.8,3
6633.7,1
6682.5,2
6753.8,1
6759,2
6876.7,2
6920.5,1
6963.8,6
8776,9
10485,39
24914,9
27730,6
27802,1
27874,2
28071,2
28079,1
28199,2
28282,1
28342,3
31606,1
31652,2
31712,1
31716,2
31798,2
31824,1
31848,6
33835,3
33934,1
34082,2
34332,1
34352,2
34893,2
35157,1
38465,6
38869,1
39225,2
40069,2
40105,1
40605,2
40977,1
42969,3
43216,1
43482,2
43800,1
43821,2
44254,2
44399,1
44537,42
69341,1
69465,2
69832,2
69850,1
70118,2
70340,1
70547,3
72175,1
72473,2
72869,1
72897,2
73556,2
73830,1
74138,6
76541,1
76723,2
77091,2
77105,1
77272,2
77371,1
77436,3
78703,6
78718,1
78734,2
78784,2
78786,1
78823,2
78851,1
80677,3
80708,1
80750,2
80810,1
80815,2
80913,2
80949,1
80984,6
82235,9
83068,39
99752,42
99759,1
99767,2
99791,2
99792,1
99810,2
99825,1
99840,3
99970,1
99996,2
1.0003e+05,1
1.0004e+05,2
1.001e+05,2
1.0013e+05,1
1.0016e+05,6
1.0047e+05,1
1.005e+05,2
1.0056e+05,2
1.0056e+05,1
1.0059e+05,2
1.0061e+05,1
1.0062e+05,3
1.0085e+05,6
1.0085e+05,1
1.0085e+05,2
1.0086e+05,2
1.0086e+05,1
1.0087e+05,2
1.0088e+05,1
1.013e+05,3
1.0131e+05,1
1.0132e+05,2
1.0134e+05,1
1.0134e+05,2
1.0136e+05,2
1.0137e+05,1
1.0138e+05,6
1.0176e+05,9
1.2796e+05,39
1.2843e+05,9
1.2906e+05,6
1.2907e+05,1
1.2909e+05,2
1.2914e+05,2
1.2914e+05,1
1.2917e+05,2
1.2919e+05,1
1.292e+05,3
1.2998e+05,1
1.2999e+05,2
1.3e+05,1
1.3e+05,2
1.3002e+05,2
1.3003e+05,1
1.3004e+05,6
1.305e+05,3
1.3053e+05,1
1.3056e+05,2
1.3062e+05,1
1.3062e+05,2
1.3075e+05,2
1.3081e+05,1
1.3152e+05,6
1.316e+05,1
1.3167e+05,2
1.3184e+05,2
1.3185e+05,1
1.3194e+05,2
1.3201e+05,1
1.3236e+05,3
1.324e+05,1
1.3244e+05,2
1.3249e+05,1
1.3249e+05,2
1.3256e+05,2
1.3258e+05,1
1.326e+05,42
1.5229e+05,81
1.6614e+05,363
