172.4,1
233.4,2
340.15,1
404.14,2
647.17,2
788.43,1
804.26,3
13867,1
14385,2
15439,2
15768,1
16392,2
16811,1
18696,6
23046,1
23532,2
24288,1
24704,2
26200,2
27127,1
30388,3
30462,1
30981,2
31609,2
31746,1
31957,2
32070,1
32364,6
51612,3
51616,1
51647,2
51703,2
51719,1
51745,2
51761,1
51806,6
63099,9
64365,39
1.0861e+06,9
1.1257e+06,6
1.1259e+06,1
1.126e+06,2
1.1261e+06,1
1.1261e+06,2
1.1263e+06,2
1.1264e+06,1
1.1264e+06,3
1.2061e+06,6
1.2075e+06,1
1.208e+06,2
1.209e+06,1
1.2097e+06,2
1.2127e+06,2
1.2152e+06,1
1.2155e+06,3
1.2317e+06,1
1.2365e+06,2
1.2444e+06,2
1.2466e+06,1
1.2507e+06,2
1.2534e+06,1
1.2786e+06,6
1.2903e+06,1
1.293e+06,2
1.2971e+06,1
1.2993e+06,2
1.3064e+06,2
1.31e+06,1
1.4385e+06,3
1.4387e+06,1
1.4411e+06,2
1.4453e+06,2
1.4464e+06,1
1.4483e+06,2
1.4495e+06,1
1.4527e+06,42
1.6284e+06,1
1.6296e+06,2
1.6316e+06,1
1.6328e+06,2
1.6371e+06,2
1.6396e+06,1
1.6399e+06,3
1.7782e+06,1
1.7822e+06,2
1.7903e+06,2
1.7927e+06,1
1.7973e+06,2
1.8004e+06,1
1.8139e+06,6
1.8432e+06,1
1.8463e+06,2
1.8512e+06,1
1.8538e+06,2
1.8633e+06,2
1.869e+06,1
1.8888e+06,3
1.8892e+06,1
1.8923e+06,2
1.896e+06,2
1.8969e+06,1
1.8981e+06,2
1.8988e+06,1
1.9005e+06,6
2.0094e+06,3
2.0095e+06,1
2.0096e+06,2
2.01e+06,2
2.01e+06,1
2.0102e+06,2
2.0103e+06,1
2.0105e+06,6
2.0785e+06,9
2.3157e+06,39
2.321e+06,9
2.3585e+06,6
2.3586e+06,1
2.3587e+06,2
2.3588e+06,1
2.3588e+06,2
2.359e+06,2
2.359e+06,1
2.3591e+06,3
2.4038e+06,6
2.4044e+06,1
2.4046e+06,2
2.405e+06,1
2.4053e+06,2
2.4065e+06,2
2.4075e+06,1
2.4077e+06,3
2.4139e+06,1
2.4156e+06,2
2.4183e+06,2
2.4191e+06,1
2.4204e+06,2
2.4213e+06,1
2.4289e+06,6
2.432e+06,1
2.4327e+06,2
2.4338e+06,1
2.4343e+06,2
2.436e+06,2
2.4369e+06,1
2.457e+06,3
2.457e+06,1
2.4572e+06,2
2.4576e+06,2
2.4576e+06,1
2.4578e+06,2
2.4579e+06,1
2.4581e+06,42
3.7951e+06,39
3.7954e+06,9
3.7975e+06,6
3.7975e+06,1
3.7975e+06,2
3.7975e+06,1
3.7975e+06,2
3.7975e+06,2
3.7975e+06,1
3.7975e+06,3
3.8013e+06,6
3.8013e+06,1
3.8013e+06,2
3.8014e+06,1
3.8014e+06,2
3.8015e+06,2
3.8016e+06,1
3.8017e+06,3
3.8023e+06,1
3.8025e+06,2
3.8028e+06,2
3.8029e+06,1
3.8031e+06,2
3.8032e+06,1
3.8041e+06,6
3.8045e+06,1
3.8046e+06,2
3.8047e+06,1
3.8048e+06,2
3.805e+06,2
3.8051e+06,1
3.8079e+06,3
3.8079e+06,1
3.808e+06,2
3.808e+06,2
3.808e+06,1
3.8081e+06,2
3.8081e+06,1
3.8081e+06,42
4.5501e+06,81
4.6314e+06,363
