34.31,1
58.649,2
121.72,2
168.78,1
367.1,2
387.13,1
388.61,1
465.84,2
637.64,2
662.82,1
675.79,2
697.3,1
877.13,1
885.89,2
987.3,1
992.21,2
1000.4,2
1003.8,1
1405.1,1
1408,2
1425.5,1
1431.8,2
1458.1,1
1459.3,2
1472.3,2
1480.7,1
1921.1,3
1950.2,6
4281,1
4311.8,2
4382.3,2
4424.3,1
4436.3,6
4802.1,1
4818.8,2
5087.8,2
5112.1,1
5136.9,1
5169.9,2
5215.5,2
5237.6,1
5285.6,1
5292.7,2
5857.3,2
5862.4,1
6406.6,1
6471,2
6607.3,2
6678.8,1
6918.9,1
6924.8,2
7033,2
7055.5,1
7174.8,6
7249.3,1
7251.5,2
7252.9,2
7253.2,1
7267.2,1
7267.2,2
7272,2
7273.9,1
7404.9,1
7435.8,6
7483.1,2
7602,2
7651,1
8827.7,2
8830.2,1
9151.8,1
9170.4,2
9205.2,2
9221.4,1
9544.2,2
9554.5,1
9556.2,1
9570.6,2
9610.4,2
9616.8,1
9620.8,2
9621.9,1
9628.6,1
9634.1,2
9639.1,2
9640.7,1
9717.9,2
9718.2,1
9718.8,1
9719,2
9719.1,1
9719.5,2
9720.3,2
9720.5,1
9759,6
9973.8,3
11549,3
12890,6
12899,1
12899,2
12900,2
12900,1
12900,5
12900,4
12946,6
12954,1
12957,2
12965,2
12968,1
12979,2
12980,1
12980,2
12980,1
13059,1
13064,2
13072,2
13077,1
13101,2
13101,1
13104,1
13104,2
13107,1
13107,2
13107,2
13107,1
13152,1
13152,2
13154,2
13154,1
13155,2
13155,1
13156,2
13156,1
13191,6
15631,36
18998,3
19042,3
20179,6
20180,12
26039,3
26677,3
28083,1
28083,2
28083,2
28083,1
35103,3
52488,6
52519,6
52519,3
52519,3
52582,6
52582,3
52582,3
52613,6
62121,1
62121,2
62121,2
62121,1
62461,3
62493,3
68867,3
68867,3
78287,3
79853,3
81268,12
81268,6
91777,3
93674,3
1.0954e+05,3
1.1196e+05,3
1.2191e+05,6
1.2334e+05,3
1.2397e+05,3
1.2915e+05,3
1.3067e+05,3
1.3073e+05,3
1.3384e+05,3
1.3734e+05,3
1.4043e+05,3
1.4589e+05,36
1.4596e+05,36
1.4596e+05,66
1.6538e+05,3
1.7214e+05,6
1.7221e+05,3
1.731e+05,3
1.7347e+05,3
1.7494e+05,3
1.7496e+05,3
1.7566e+05,3
1.7793e+05,3
1.7793e+05,3
1.7793e+05,6
1.7854e+05,6
1.799e+05,18
2.3203e+05,3
2.3218e+05,3
2.3219e+05,3
2.3284e+05,3
2.3302e+05,3
2.332e+05,3
2.3405e+05,3
2.3426e+05,3
2.3462e+05,6
2.3531e+05,3
2.3549e+05,3
2.3554e+05,6
2.3554e+05,12
2.3554e+05,12
2.3555e+05,6
2.3592e+05,3
2.3673e+05,3
2.3678e+05,3
2.3742e+05,18
2.3743e+05,6
2.3744e+05,3
2.8136e+05,36
3.6323e+05,3
3.6323e+05,3
3.6323e+05,3
3.6324e+05,3
3.6324e+05,3
9.4478e+05,3
9.4534e+05,6
9.4591e+05,6
9.4647e+05,6
9.4703e+05,3
1.08e+06,3
1.08e+06,3
1.1182e+06,3
1.4628e+06,3
1.4628e+06,3
1.4628e+06,3
1.4628e+06,3
1.4628e+06,3
2.1944e+06,3
2.626e+06,36
2.6271e+06,18
2.6273e+06,6
2.6273e+06,6
2.6273e+06,6
2.6274e+06,3
2.6274e+06,6
2.6274e+06,6
2.6274e+06,3
2.6274e+06,9
2.6274e+06,15
2.6281e+06,18
2.6282e+06,12
2.6282e+06,12
3.1726e+06,6
3.2028e+06,3
3.2382e+06,15
4.2232e+06,3
4.2397e+06,3
4.2398e+06,6
4.2398e+06,6
4.2398e+06,6
4.2398e+06,3
4.2736e+06,15
5.0644e+06,9
1.7026e+07,3
4.7268e+07,9
4.7288e+07,15
4.7291e+07,3
4.7306e+07,15
4.7308e+07,3
4.7309e+07,6
