55.623,1
93.632,2
184.08,2
239.19,1
342.74,2
346.37,1
891.75,1
939.02,2
1333.5,1
1346.7,2
1501.5,2
1571.2,1
1866,1
1899.1,2
1990,2
2011.6,1
2110.2,1
2152.1,2
2212,2
2235.7,1
3645.6,1
3648.9,2
3655.7,2
3658.4,1
3671.1,1
3678.3,2
3693,2
3700.4,1
4716.9,6
6781,2
6785.6,1
6819.9,1
6834.2,2
6857.2,2
6866.5,1
7737.7,2
7738.1,1
9562.9,1
9563,2
12916,1
12916,2
13699,2
13699,1
17491,6
18406,1
18408,2
18414,2
18417,1
18421,1
18421,2
18422,2
18422,1
21987,3
22205,2
22205,1
23057,1
23159,2
23395,2
23538,1
25424,1
25428,2
25432,2
25433,1
25460,6
25961,1
26173,2
26551,2
26719,1
28050,1
28052,2
28054,2
28054,1
28156,1
28229,2
28301,3
28503,2
28996,1
29080,1
29693,2
30228,2
30438,1
34103,6
34612,1
34613,2
34614,2
34614,1
34765,1
34835,2
34967,2
35030,1
36163,1
36163,2
36163,2
36163,1
36176,1
36184,2
36201,2
36212,1
36540,6
37690,1
37724,2
37790,2
37824,1
38335,1
38335,2
38335,2
38335,1
38362,1
38373,2
38393,2
38402,1
39221,6
39222,1
39222,2
39223,2
39224,1
39567,6
41062,3
59828,6
59862,1
59862,2
59862,2
59862,1
59864,1
59865,2
59867,2
59868,1
59934,1
59934,2
59934,2
59934,1
59935,1
59935,2
59936,2
59937,1
59964,6
60088,1
60090,2
60096,2
60098,1
60160,1
60160,2
60160,2
60160,1
60163,1
60164,2
60167,2
60168,1
60307,5
60307,3
60307,1
60307,2
60307,2
60307,1
60381,6
72365,36
1.0495e+05,3
1.0975e+05,3
1.1026e+05,3
1.1218e+05,3
1.1224e+05,3
1.2279e+05,6
1.229e+05,1
1.229e+05,2
1.2291e+05,2
1.2291e+05,1
1.2291e+05,1
1.2291e+05,2
1.2291e+05,2
1.2291e+05,1
1.2315e+05,1
1.2315e+05,2
1.2315e+05,2
1.2315e+05,1
1.2316e+05,1
1.2316e+05,2
1.2316e+05,2
1.2316e+05,1
1.2328e+05,6
1.2435e+05,1
1.2435e+05,2
1.2436e+05,2
1.2436e+05,1
1.2902e+05,1
1.2902e+05,2
1.2902e+05,2
1.2903e+05,1
1.3099e+05,3
1.3143e+05,3
1.4008e+05,12
1.4008e+05,6
1.5276e+05,3
1.5325e+05,3
1.5463e+05,3
1.6844e+05,3
1.6881e+05,3
1.7421e+05,3
1.7564e+05,1
1.7564e+05,2
1.7564e+05,2
1.7564e+05,1
1.9223e+05,3
1.9413e+05,3
2.0462e+05,3
2.0508e+05,5
2.0508e+05,5
2.0847e+05,3
2.0982e+05,3
2.1703e+05,3
2.1717e+05,3
2.1924e+05,3
2.2647e+05,3
2.2928e+05,6
2.2992e+05,3
2.2998e+05,3
2.3229e+05,3
2.3234e+05,3
2.3533e+05,3
2.3535e+05,3
2.374e+05,3
2.3897e+05,6
2.4137e+05,18
3.3771e+05,36
3.3808e+05,6
3.3808e+05,12
3.3808e+05,12
3.3808e+05,6
3.3808e+05,36
3.5897e+05,3
3.5918e+05,3
3.5919e+05,3
3.5961e+05,3
3.5961e+05,3
3.5978e+05,3
3.6012e+05,6
3.6047e+05,3
3.6071e+05,3
3.6083e+05,3
3.6102e+05,3
3.6106e+05,3
3.6184e+05,3
3.6185e+05,3
3.6229e+05,3
3.623e+05,6
3.6233e+05,18
4.0152e+05,6
4.0153e+05,12
4.0155e+05,12
4.0157e+05,6
4.3419e+05,36
7.3673e+05,3
7.3741e+05,3
7.3741e+05,3
7.3823e+05,6
7.3888e+05,3
7.3888e+05,3
7.3969e+05,3
7.4417e+05,3
7.4427e+05,3
7.4613e+05,3
8.4046e+05,3
8.4046e+05,3
8.4048e+05,3
8.4048e+05,3
8.4049e+05,3
1.0538e+06,3
1.2569e+06,3
1.2569e+06,3
1.3757e+06,3
1.4482e+06,6
1.4482e+06,6
1.4482e+06,3
2.0262e+06,36
2.0283e+06,18
2.0284e+06,6
2.0284e+06,6
2.0284e+06,6
2.0285e+06,3
2.0285e+06,6
2.0285e+06,6
2.0285e+06,3
2.0285e+06,3
2.0285e+06,12
2.0285e+06,9
2.0304e+06,18
2.0307e+06,6
2.0307e+06,12
2.1607e+06,3
2.174e+06,15
2.4091e+06,3
2.4092e+06,6
2.4093e+06,6
2.4093e+06,6
2.4094e+06,3
2.6052e+06,9
4.4294e+06,3
1.2157e+07,9
1.217e+07,15
1.2171e+07,3
1.2183e+07,15
1.2184e+07,3
1.2185e+07,6
